FORPRINT: Fri Mar 14 11:18:13 2025
      31.0584    0.0617688
      32.2676    0.0657910
      32.8949    0.0682401
      32.9428    0.0630562
      34.6804    0.0606361
      35.2401    0.0574226
      35.2570    0.0581339
      37.0109    0.0579473
      37.5462    0.0584649
      37.5523    0.0600875
      39.2487    0.0612094
      39.8240    0.0615119
      39.8475    0.0618813
      41.5176    0.0614367
      42.1345    0.0610642
      42.1837    0.0633201
      43.8829    0.0654886
      44.5194    0.0676805
      44.5828    0.0667890
      46.3253    0.0662036
      46.9819    0.0656629
      47.0480    0.0655005
      48.8515    0.0654234
      49.5265    0.0655323
      49.5986    0.0658230
      51.4163    0.0656806
      51.4649    0.0655587
      52.0940    0.0653997
      52.1773    0.0652526
      52.1912    0.0655314
      52.2320    0.0657298
      53.9731    0.0676087
      54.4255    0.0688553
      54.4456    0.0692779
      56.2662    0.0679201
      57.0169    0.0675327
      57.0956    0.0677467
      59.0020    0.0681495
      59.7654    0.0685410
      59.8279    0.0690051
      61.7544    0.0696438
      62.4986    0.0702072
      62.5568    0.0720118
