FORPRINT: Fri Mar 14 11:18:13 2025
      31.4341    0.0732493
      31.6394    0.0570459
      32.9852    0.0455355
      33.7121    0.0383829
      33.9199    0.0362223
      35.5277    0.0352848
      36.3069    0.0353609
      36.4660    0.0350139
      38.3518    0.0353270
      39.1172    0.0360147
      39.1785    0.0366485
      41.2706    0.0375073
      41.9520    0.0375245
      41.9620    0.0404113
      44.0691    0.0428668
      44.7068    0.0453494
      44.7119    0.0461456
      46.7362    0.0465349
      47.4134    0.0470055
      47.4524    0.0481052
      49.4459    0.0499685
      50.1855    0.0515673
      50.2494    0.0533193
      50.2908    0.0524666
      52.2453    0.0522231
      52.2864    0.0515971
      53.0103    0.0517702
      53.0962    0.0520607
      53.0971    0.0524386
      53.1607    0.0522904
      55.2068    0.0520907
      56.0412    0.0520550
      56.1038    0.0523142
      58.2277    0.0526934
      59.0817    0.0530639
      59.1397    0.0533178
      61.3327    0.0533335
      62.1991    0.0534301
      62.2386    0.0546996
