energy (keV),Effective Area (cm^2)
0.3,286.379168227996
0.31,286.675410672939
0.32,286.889298524687
0.33,287.041891414765
0.34,287.150637260779
0.35,287.229228818036
0.36,287.291527167427
0.37,287.3749516533
0.38,287.610645768171
0.39,287.80546589057
0.4,287.954268578704
0.41,288.053326038061
0.42,288.13427710726
0.43,288.171986707386
0.44,288.195738513171
0.45,288.190023123735
0.46,288.164375944108
0.47,288.128608966632
0.48,288.067353680359
0.49,288.006833495296
0.5,288.033393839502
0.51,288.32027948748
0.52,288.532343388911
0.53,288.690140443757
0.54,288.801298522107
0.55,288.866714635119
0.56,288.887220152248
0.57,288.861051809962
0.58,288.778626468129
0.59,288.644706189253
0.6,288.449886841493
0.61,288.133126117057
0.62,287.562291026548
0.63,286.907062245307
0.64,286.216870617877
0.65,285.471958858676
0.66,284.661899704756
0.67,283.777492323789
0.68,282.806159009567
0.69,281.733054807422
0.7,280.551213110252
0.71,279.270699279712
0.72,278.246390303498
0.73,277.641490735429
0.74,277.135281927763
0.75,275.899472240744
0.76,272.535369544218
0.77,269.001596664692
0.78,264.608896507123
0.79,258.953125750242
0.8,251.51225949954
0.81,241.013190761401
0.82,224.123453516702
0.83,192.302567396299
0.84,90.371413532078
0.85,1.23429644962328
0.86,28.770578944254
0.87,62.078034960159
0.88,75.5518698852979
0.89,83.8075460441588
0.9,90.681068800554
0.91,96.4612435931816
0.92,100.94151856081
0.93,104.643646592833
0.94,107.93586438217
0.95,110.569250063464
0.96,112.440262375593
0.97,113.822948580225
0.98,114.044400504346
0.99,112.888353598343
1,110.970732651407
1.01,112.095771240693
1.02,114.493973622436
1.03,118.877986434838
1.04,121.506660758851
1.05,123.667029698658
1.06,125.520632456538
1.07,127.316559798582
1.08,128.949471907772
1.09,130.424681652853
1.1,131.883207274756
1.11,133.123345028857
1.12,134.396636331727
1.13,135.503310583754
1.14,136.610393867962
1.15,137.622246157365
1.16,138.595109007138
1.17,139.523750609537
1.18,140.387063185135
1.19,141.241863742559
1.2,142.0150386718
1.21,142.803187375952
1.22,143.502627646902
1.23,144.23106579212
1.24,144.876638321305
1.25,145.558969778471
1.26,146.158132938755
1.27,146.792982168522
1.28,147.352318711347
1.29,147.941360298539
1.3,148.457670846733
1.31,148.989718669814
1.32,149.469616124413
1.33,149.950855897133
1.34,150.401167759949
1.35,150.834416903897
1.36,151.259720645733
1.37,151.645954723149
1.38,152.050531959652
1.39,152.394342666035
1.4,152.781225298864
1.41,153.086259483103
1.42,153.429020757476
1.43,153.727485016729
1.44,154.029889770878
1.45,154.328623276199
1.46,154.603499299606
1.47,154.90781508512
1.48,155.154334180863
1.49,155.435822290349
1.5,155.704525301506
1.51,155.986971706597
1.52,156.270946316598
1.53,156.501503839942
1.54,156.76546140889
1.55,156.967276615773
1.56,157.180333289766
1.57,157.389643682202
1.58,157.558232855697
1.59,157.756172707098
1.6,157.901813942529
1.61,158.054343140252
1.62,158.212903647215
1.63,158.323101215898
1.64,158.45880211791
1.65,158.563590930685
1.66,158.655838022533
1.67,158.772408107308
1.68,158.827599830641
1.69,158.900501537752
1.7,158.97534013555
1.71,159.008946445805
1.72,159.063095153896
1.73,159.107771796894
1.74,159.142030330546
1.75,159.196467338251
1.76,159.213918897939
1.77,159.226841706644
1.78,159.258697215745
1.79,159.239620741984
1.8,159.22787150941
1.81,159.233568938689
1.82,159.178153391879
1.83,159.137798529141
1.84,159.107965831265
1.85,159.025119634883
1.86,158.955828268693
1.87,158.893695876032
1.88,158.779411521096
1.89,158.677057272218
1.9,158.582247959045
1.91,158.43753404862
1.92,158.303143722671
1.93,158.179378759107
1.94,158.003084813009
1.95,157.835483743043
1.96,157.677063872556
1.97,157.472982630451
1.98,157.268702018549
1.99,157.071774097519
2,156.833883239
2.01,156.581464872417
2.02,156.334121114754
2.03,156.07851910393
2.04,155.812942238781
2.05,155.551490212762
2.06,155.28357348913
2.07,154.978630466064
2.08,154.675914826823
2.09,154.375509685016
2.1,154.031468127037
2.11,153.68162134211
2.12,153.331884790558
2.13,152.960430988443
2.14,152.565914930898
2.15,152.169387044913
2.16,151.76810885732
2.17,151.326506511478
2.18,150.880697260034
2.19,150.430362333963
2.2,149.951788274952
2.21,149.449350073323
2.22,148.939806169578
2.23,148.421948567318
2.24,147.865420612294
2.25,147.299287330978
2.26,146.722883729015
2.27,146.123652942858
2.28,145.495663313361
2.29,144.854558567296
2.3,144.199433766025
2.31,143.511519413611
2.32,142.801615615577
2.33,142.0745277449
2.34,141.328502397775
2.35,140.542521203481
2.36,139.735907398955
2.37,138.907267846485
2.38,138.052483480424
2.39,137.165069004691
2.4,136.251954632703
2.41,135.311411101941
2.42,134.339146547018
2.43,133.333081525006
2.44,132.295405813589
2.45,131.224021613894
2.46,130.118951292477
2.47,128.979851224516
2.48,127.802692596394
2.49,126.585046627083
2.5,125.32757929176
2.51,124.029813834461
2.52,122.686955153339
2.53,121.296380069079
2.54,119.868767129428
2.55,118.405680942243
2.56,116.891449557735
2.57,115.323653552833
2.58,113.711247389043
2.59,112.06240016847
2.6,110.358601341474
2.61,108.59833785477
2.62,106.79006562058
2.63,104.961712576349
2.64,103.079969849247
2.65,101.144994144474
2.66,99.1573940331948
2.67,97.1785802076532
2.68,95.1559000554595
2.69,93.0900702008975
2.7,90.9831545148809
2.71,88.881736315141
2.72,86.7682332931827
2.73,84.6247306926015
2.74,82.4536263622564
2.75,80.2797676392925
2.76,78.1358230019934
2.77,75.974366242703
2.78,73.7976418224779
2.79,71.6078932777707
2.8,69.4772261717096
2.81,67.3505603025988
2.82,65.2188653153747
2.83,63.0839728095835
2.84,60.9741756053243
2.85,58.9149018800078
2.86,56.8586215667679
2.87,54.8069816630775
2.88,52.76168912745
2.89,50.7837491614549
2.9,48.8344264395227
2.91,46.8967650644091
2.92,44.9724090132983
2.93,43.0706300927077
2.94,41.254464755875
2.95,39.4558864441594
2.96,37.6764989913273
2.97,35.9180341836683
2.98,34.2071829544263
2.99,32.5639893982864
3,30.946370838641
3.01,29.3563807161977
3.02,27.796149091945
3.03,26.30218563228
3.04,24.868997550332
3.05,23.4696876290556
3.06,22.1062873668412
3.07,20.7809330858117
3.08,19.5321949645622
3.09,18.3424987866396
3.1,17.1943893605233
3.11,16.0900422736687
3.12,15.031559796962
3.13,14.049469668418
3.14,13.126663498623
3.15,12.2503406238783
3.16,11.4210259603407
3.17,10.6387698538372
3.18,9.92367190445206
3.19,9.26304170131192
3.2,8.6431124358708
3.21,8.06248355010845
3.22,7.51954229428984
3.23,7.02359875086402
3.24,6.57061757713468
3.25,6.14708527236915
3.26,5.75131766262279
3.27,5.3816513114121
3.28,5.04052688486703
3.29,4.73135934652183
3.3,4.44188865289707
3.31,4.17085488279241
3.32,3.91706390374533
3.33,3.67938852606319
3.34,3.46680388794012
3.35,3.26719706837143
3.36,3.07957826446125
3.37,2.90318867442533
3.38,2.73731776547788
3.39,2.58530336515135
3.4,2.44460565553939
3.41,2.31184265332429
3.42,2.18653840353076
3.43,2.06824715452546
3.44,1.9571352168849
3.45,1.85607003933038
3.46,1.76035964138827
3.47,1.66970296914984
3.48,1.58381720733822
3.49,1.50243661894395
3.5,1.42725365662177
3.51,1.35732781574172
3.52,1.29087126731913
3.53,1.22770311458192
3.54,1.16765266070185
3.55,1.11055878597358
3.56,1.05833688254272
3.57,1.00876973885536
3.58,0.961523787527981
3.59,0.916486175137353
3.6,0.873549951602664
3.61,0.832915161003535
3.62,0.795597509652
3.63,0.759934557316096
3.64,0.725850975602543
3.65,0.693275097089784
3.66,0.662138720419518
3.67,0.632781846488879
3.68,0.605486586958959
3.69,0.579343794651313
3.7,0.554304154820624
3.71,0.530320580669341
3.72,0.507348103505488
3.73,0.485728839239696
3.74,0.465558635785344
3.75,0.44620004764828
3.76,0.427620393058745
3.77,0.409788362684892
3.78,0.392673957134332
3.79,0.376494128960385
3.8,0.36135256574479
3.81,0.34679580200897
3.82,0.33280149944797
3.83,0.319348198547761
3.84,0.306415281435902
3.85,0.294122698622565
3.86,0.28270590455173
3.87,0.271711186212388
3.88,0.261123284371677
3.89,0.250927500655628
3.9,0.241109675630174
3.91,0.231665935792412
3.92,0.222919600732579
3.93,0.214485498302522
3.94,0.206352838927235
3.95,0.198511207442942
3.96,0.190950549457964
3.97,0.183661158231513
3.98,0.176840990704905
3.99,0.170343516127458
4,0.164070097378637
