wave_A  EA1_lo_cm2  EA1_hi_cm2
32.000000  3.09540489e-01  3.74645108e-01
32.032000  3.08149886e-01  3.75482918e-01
32.064000  3.06757213e-01  3.76321172e-01
32.096000  3.05362477e-01  3.77159867e-01
32.128000  3.03965141e-01  3.77998333e-01
32.160000  3.02564075e-01  3.78835134e-01
32.192000  3.01160980e-01  3.79672365e-01
32.224000  2.99755860e-01  3.80510026e-01
32.256000  2.98348720e-01  3.81348117e-01
32.288000  2.96939531e-01  3.82255003e-01
32.320000  2.95526007e-01  3.83198305e-01
32.352000  2.94110500e-01  3.84142146e-01
32.384000  2.92693014e-01  3.85086526e-01
32.416000  2.91273555e-01  3.86031443e-01
32.448000  2.89852126e-01  3.86976898e-01
32.480000  2.88429702e-01  3.87924195e-01
32.512000  2.87005662e-01  3.88872515e-01
32.544000  2.85579651e-01  3.89821378e-01
32.576000  2.84151674e-01  3.90770783e-01
32.608000  2.82721735e-01  3.91720730e-01
32.640000  2.81289165e-01  3.92670281e-01
32.672000  2.79853617e-01  3.93618916e-01
32.704000  2.78416138e-01  3.94568082e-01
32.736000  2.76976732e-01  3.95517777e-01
32.768000  2.75535404e-01  3.96468002e-01
32.800000  2.74092157e-01  3.97418756e-01
32.832000  2.72645352e-01  3.98367635e-01
32.864000  2.71196653e-01  3.99317028e-01
32.896000  2.69746066e-01  3.99543522e-01
32.928000  2.68293595e-01  3.79437316e-01
32.960000  2.66839245e-01  3.70097725e-01
32.992000  2.65333134e-01  3.70037704e-01
33.024000  2.63705784e-01  3.70075473e-01
33.056000  2.62098035e-01  3.70144646e-01
33.088000  2.60486683e-01  3.70212850e-01
33.120000  2.58871737e-01  3.70280091e-01
33.152000  2.57253163e-01  3.70346310e-01
33.184000  2.55629911e-01  3.70409972e-01
33.216000  2.54003105e-01  3.70472678e-01
33.248000  2.52372754e-01  3.70534430e-01
33.280000  2.50738868e-01  3.70595232e-01
33.312000  2.49101454e-01  3.70655086e-01
33.344000  2.47459916e-01  3.70713088e-01
33.376000  2.45814187e-01  3.70769109e-01
33.408000  2.44164975e-01  3.70824190e-01
33.440000  2.42512287e-01  3.70878336e-01
33.472000  2.40856132e-01  3.70931547e-01
33.504000  2.39196519e-01  3.70983827e-01
33.536000  2.37531942e-01  3.71032814e-01
33.568000  2.35863650e-01  3.71080413e-01
33.600000  2.34191951e-01  3.71127088e-01
33.632000  2.32516854e-01  3.71172844e-01
33.664000  2.30838365e-01  3.71217683e-01
33.696000  2.29156265e-01  3.71261235e-01
33.728000  2.27416692e-01  3.71301684e-01
33.760000  2.25620223e-01  3.71341223e-01
33.792000  2.23820249e-01  3.71379857e-01
33.824000  2.22016777e-01  3.71417587e-01
33.856000  2.20209816e-01  3.71454416e-01
33.888000  2.18398876e-01  3.71489502e-01
33.920000  2.16589577e-01  3.71522380e-01
33.952000  2.16650382e-01  3.71554365e-01
33.984000  2.16710740e-01  3.71585460e-01
34.016000  2.16771276e-01  3.71616740e-01
34.048000  2.16831990e-01  3.71648202e-01
34.080000  2.16890583e-01  3.71675906e-01
34.112000  2.16947493e-01  3.71700607e-01
34.144000  2.17003958e-01  3.71724424e-01
34.176000  2.17059978e-01  3.71747359e-01
34.208000  2.17115555e-01  3.71769415e-01
34.240000  2.17170690e-01  3.71790594e-01
34.272000  2.17224207e-01  3.71808884e-01
34.304000  2.17276766e-01  3.71825416e-01
34.336000  2.17328887e-01  3.71841080e-01
34.368000  2.17380572e-01  3.71855878e-01
34.400000  2.17431821e-01  3.71869814e-01
34.432000  2.17482636e-01  3.71882889e-01
34.464000  2.17531879e-01  3.71893157e-01
34.496000  2.17580306e-01  3.71901914e-01
34.528000  2.17628303e-01  3.71909819e-01
34.560000  2.17675870e-01  3.71916874e-01
34.592000  2.17723010e-01  3.71923081e-01
34.624000  2.17769723e-01  3.71928443e-01
34.656000  2.17811551e-01  3.71925347e-01
34.688000  2.17851351e-01  3.71715923e-01
34.720000  2.17890725e-01  3.70853967e-01
34.752000  2.17929676e-01  3.69989955e-01
34.784000  2.17968204e-01  3.69123894e-01
34.816000  2.18006310e-01  3.68255789e-01
34.848000  2.18043007e-01  3.67383979e-01
34.880000  2.18078765e-01  3.66509270e-01
34.912000  2.18114105e-01  3.65632546e-01
34.944000  2.18149028e-01  3.64753812e-01
34.976000  2.18183535e-01  3.63873073e-01
35.008000  2.18205387e-01  3.62969973e-01
35.040000  2.18189283e-01  3.62002695e-01
35.072000  2.18172027e-01  3.61032633e-01
35.104000  2.18154508e-01  3.60061269e-01
35.136000  2.18136727e-01  3.59088607e-01
35.168000  2.18118685e-01  3.58114648e-01
35.200000  2.18100382e-01  3.57139397e-01
35.232000  2.18081328e-01  3.56162053e-01
35.264000  2.18060797e-01  3.60437837e-01
35.296000  2.18040009e-01  3.60576830e-01
35.328000  2.18018964e-01  3.60715548e-01
35.360000  2.17997664e-01  3.60853992e-01
35.392000  2.17976108e-01  3.60992161e-01
35.424000  2.17954297e-01  3.61130057e-01
35.456000  2.17930676e-01  3.61265100e-01
35.488000  2.17906799e-01  3.61399866e-01
35.520000  2.17882671e-01  3.61534359e-01
35.552000  2.17960470e-01  3.61668581e-01
35.584000  2.18070496e-01  3.61802533e-01
35.616000  2.18180383e-01  3.61936216e-01
35.648000  2.18288921e-01  3.62067618e-01
35.680000  2.18396626e-01  3.62197600e-01
35.712000  2.18504194e-01  3.62327313e-01
35.744000  2.18611623e-01  3.62456758e-01
35.776000  2.18718916e-01  3.62585936e-01
35.808000  2.18826072e-01  3.62714848e-01
35.840000  2.18932753e-01  3.62842934e-01
35.872000  2.19037949e-01  3.62968519e-01
35.904000  2.19143008e-01  3.63093838e-01
35.936000  2.19247931e-01  3.63218893e-01
35.968000  2.19352717e-01  3.63343684e-01
36.000000  2.19457368e-01  3.63468211e-01
36.032000  2.19519482e-01  3.63522258e-01
36.064000  2.19580324e-01  3.63574182e-01
36.096000  2.19640563e-01  3.63625087e-01
36.128000  2.19700743e-01  3.63675877e-01
36.160000  2.19760865e-01  3.63726552e-01
36.192000  2.19820929e-01  3.63777111e-01
36.224000  2.19880935e-01  3.63827557e-01
36.256000  2.19940673e-01  3.63877541e-01
36.288000  2.19998537e-01  3.63924407e-01
36.320000  2.19870584e-01  3.63971159e-01
36.352000  2.19474458e-01  3.64017797e-01
36.384000  2.19078116e-01  3.64064321e-01
36.416000  2.18681559e-01  3.64110731e-01
36.448000  2.18284787e-01  3.64157029e-01
36.480000  2.18091790e-01  3.64202102e-01
36.512000  2.18160972e-01  3.64245643e-01
36.544000  2.18230101e-01  3.64289072e-01
36.576000  2.18299178e-01  3.64332388e-01
36.608000  2.18368202e-01  3.64375593e-01
36.640000  2.18437174e-01  3.64418686e-01
36.672000  2.18506093e-01  3.64461667e-01
36.704000  2.18573575e-01  3.64502227e-01
36.736000  2.18640399e-01  3.64541669e-01
36.768000  2.18707171e-01  3.64580999e-01
36.800000  2.18773890e-01  3.64620219e-01
36.832000  2.18840556e-01  3.64659328e-01
36.864000  2.18907169e-01  3.64698327e-01
36.896000  2.18973730e-01  3.64737216e-01
36.928000  2.19038744e-01  3.64773506e-01
36.960000  2.19103488e-01  3.64809326e-01
36.992000  2.19168179e-01  3.64845035e-01
37.024000  2.19234876e-01  3.64972602e-01
37.056000  2.19302203e-01  3.65228985e-01
37.088000  2.19369473e-01  3.65485323e-01
37.120000  2.19436686e-01  3.65741616e-01
37.152000  2.19501929e-01  3.65994674e-01
37.184000  2.19567051e-01  3.66247578e-01
37.216000  2.19632115e-01  3.66500432e-01
37.248000  2.19697122e-01  3.66753236e-01
37.280000  2.19762071e-01  3.67005992e-01
37.312000  2.19826963e-01  3.67258698e-01
37.344000  2.19891797e-01  3.67511355e-01
37.376000  2.19954978e-01  3.67761294e-01
37.408000  2.20018068e-01  3.68011125e-01
37.440000  2.20081100e-01  3.68260904e-01
37.472000  2.20144074e-01  3.68510630e-01
37.504000  2.20206991e-01  3.68760304e-01
37.536000  2.20269851e-01  3.69009926e-01
37.568000  2.20332653e-01  3.79436479e-01
37.600000  2.20393555e-01  3.79622564e-01
37.632000  2.20454211e-01  3.79808247e-01
37.664000  2.20514808e-01  3.79993855e-01
37.696000  2.20575347e-01  3.80179386e-01
37.728000  2.20635829e-01  3.80364841e-01
37.760000  2.20696253e-01  3.80550220e-01
37.792000  2.20756620e-01  3.80735524e-01
37.824000  2.20815466e-01  3.80918229e-01
37.856000  2.20873761e-01  3.81100004e-01
37.888000  2.20931998e-01  3.81281701e-01
37.920000  2.20990177e-01  3.81463320e-01
37.952000  2.21048297e-01  3.81644859e-01
37.984000  2.21106360e-01  3.81826321e-01
38.016000  2.21188460e-01  3.82049323e-01
38.048000  2.21293525e-01  3.82312038e-01
38.080000  2.21397442e-01  3.82572827e-01
38.112000  2.21501218e-01  3.82833427e-01
38.144000  2.21604853e-01  3.83093838e-01
38.176000  2.21708347e-01  3.83354061e-01
38.208000  2.21811701e-01  3.83614096e-01
38.240000  2.21914915e-01  3.83873944e-01
38.272000  2.22017725e-01  3.84133146e-01
38.304000  2.22119049e-01  3.84389833e-01
38.336000  2.22220232e-01  3.84646329e-01
38.368000  2.22395943e-01  3.84902635e-01
38.400000  2.22644407e-01  3.85158753e-01
38.432000  2.22892821e-01  3.85414681e-01
38.464000  2.23141184e-01  3.85670422e-01
38.496000  2.23389497e-01  3.85925975e-01
38.528000  2.23636026e-01  3.86178344e-01
38.560000  2.23881881e-01  3.86429455e-01
38.592000  2.24127681e-01  3.86680372e-01
38.624000  2.24373425e-01  3.86931098e-01
38.656000  2.24619114e-01  3.87181632e-01
38.688000  2.24864747e-01  3.87431975e-01
38.720000  2.25110325e-01  3.87682128e-01
38.752000  2.25355496e-01  3.87931486e-01
38.784000  2.25599343e-01  3.88178470e-01
38.816000  2.25843130e-01  3.88425260e-01
38.848000  2.26086858e-01  3.88671857e-01
38.880000  2.26330526e-01  3.88918261e-01
38.912000  2.26574136e-01  3.89164473e-01
38.944000  2.26817686e-01  3.89410493e-01
38.976000  2.27061177e-01  3.89656322e-01
39.008000  2.27322427e-01  3.89932521e-01
39.040000  2.27640371e-01  3.90305812e-01
39.072000  2.27958217e-01  3.90678732e-01
39.104000  2.28275965e-01  3.91051283e-01
39.136000  2.29719641e-01  3.91423464e-01
39.168000  2.31955630e-01  3.91795278e-01
39.200000  2.32837876e-01  3.92166725e-01
39.232000  2.33058106e-01  3.92537806e-01
39.264000  2.33276515e-01  3.92892515e-01
39.296000  2.33494505e-01  3.93231972e-01
39.328000  2.33712272e-01  3.93571025e-01
39.360000  2.33929818e-01  3.93909676e-01
39.392000  2.34147143e-01  3.94247926e-01
39.424000  2.34364248e-01  3.94585776e-01
39.456000  2.34581132e-01  3.94923227e-01
39.488000  2.34797613e-01  3.95259969e-01
39.520000  2.35011777e-01  3.95592783e-01
39.552000  2.35225717e-01  3.95925194e-01
39.584000  2.35439435e-01  3.96257202e-01
39.616000  2.35652931e-01  3.96588808e-01
39.648000  2.35866204e-01  3.96920013e-01
39.680000  2.36079257e-01  3.97250818e-01
39.712000  2.36292089e-01  3.97581225e-01
39.744000  2.36504355e-01  3.97910653e-01
39.776000  2.36714731e-01  3.98236874e-01
39.808000  2.36924884e-01  3.98562691e-01
39.840000  2.37134813e-01  4.00464286e-01
39.872000  2.37344519e-01  4.01403503e-01
39.904000  2.37554003e-01  4.01564789e-01
39.936000  2.37763265e-01  4.01725496e-01
39.968000  2.37972306e-01  4.01885626e-01
40.000000  2.38180794e-01  4.02044620e-01
40.032000  2.38449990e-01  4.02305835e-01
40.064000  2.38718877e-01  4.02566229e-01
40.096000  2.38987456e-01  4.02825804e-01
40.128000  2.39255727e-01  4.03084563e-01
40.160000  2.39523692e-01  4.03342508e-01
40.192000  2.39791351e-01  4.03599640e-01
40.224000  2.40058704e-01  4.03855963e-01
40.256000  2.40325665e-01  4.04111330e-01
40.288000  2.40590380e-01  4.04362628e-01
40.320000  2.40854786e-01  4.04613117e-01
40.352000  2.41118885e-01  4.04862799e-01
40.384000  2.41382676e-01  4.05111677e-01
40.416000  2.41646160e-01  4.05359751e-01
40.448000  2.41909338e-01  4.05607025e-01
40.480000  2.42172211e-01  4.05853501e-01
40.512000  2.42434779e-01  4.06099181e-01
40.544000  2.42695029e-01  4.06340693e-01
40.576000  2.42954531e-01  4.06580674e-01
40.608000  2.43213724e-01  4.06819859e-01
40.640000  2.43472609e-01  4.07058249e-01
40.672000  2.43731186e-01  4.07295847e-01
40.704000  2.43989456e-01  4.07532655e-01
40.736000  2.44247420e-01  4.07768675e-01
40.768000  2.44505078e-01  4.08003909e-01
40.800000  2.44761323e-01  4.08236512e-01
40.832000  2.45016112e-01  4.08466416e-01
40.864000  2.45270592e-01  4.08695534e-01
40.896000  2.45524762e-01  4.08923868e-01
40.928000  2.45778624e-01  4.09151421e-01
40.960000  2.46032178e-01  4.09378194e-01
40.992000  2.46285425e-01  4.09604190e-01
41.024000  2.46559044e-01  4.09863784e-01
41.056000  2.46839091e-01  4.10133762e-01
41.088000  2.47116447e-01  4.10398962e-01
41.120000  2.47393453e-01  4.10663279e-01
41.152000  2.47670111e-01  4.10926716e-01
41.184000  2.47946422e-01  4.11189275e-01
41.216000  2.48222386e-01  4.11450959e-01
41.248000  2.48498004e-01  4.11711770e-01
41.280000  2.48749259e-01  4.11971710e-01
41.312000  2.48942347e-01  4.12230782e-01
41.344000  2.49118005e-01  4.12460901e-01
41.376000  2.49276078e-01  4.12661826e-01
41.408000  2.49433663e-01  4.12861867e-01
41.440000  2.49590760e-01  4.13061025e-01
41.472000  2.49747371e-01  4.13259304e-01
41.504000  2.49903498e-01  4.13456706e-01
41.536000  2.50059142e-01  4.13611405e-01
41.568000  2.50214304e-01  4.13734244e-01
41.600000  2.50368985e-01  4.13856125e-01
41.632000  2.50521122e-01  4.13973640e-01
41.664000  2.50672355e-01  4.14089500e-01
41.696000  2.50823107e-01  4.14204407e-01
41.728000  2.50973379e-01  4.14318364e-01
41.760000  2.51123173e-01  4.14431373e-01
41.792000  2.51272490e-01  4.14543437e-01
41.824000  2.51421331e-01  4.14654559e-01
41.856000  2.51569698e-01  4.14764743e-01
41.888000  2.51717479e-01  4.14873805e-01
41.920000  2.51862410e-01  4.14978016e-01
41.952000  2.52006867e-01  4.15081293e-01
41.984000  2.71715512e-01  4.15183638e-01
42.016000  2.72110337e-01  4.15277908e-01
42.048000  2.72500243e-01  4.15364138e-01
42.080000  2.72889913e-01  4.15449486e-01
42.112000  2.73279348e-01  4.15533957e-01
42.144000  2.73668547e-01  4.18621609e-01
42.176000  2.74057162e-01  4.28829485e-01
42.208000  2.74443412e-01  4.31662843e-01
42.240000  2.74829417e-01  4.32158182e-01
42.272000  2.75215178e-01  4.32653034e-01
42.304000  2.75600694e-01  4.33147401e-01
42.336000  2.75985966e-01  4.33641282e-01
42.368000  2.76370994e-01  4.34134679e-01
42.400000  2.76755777e-01  4.34627593e-01
42.432000  2.77140316e-01  4.35120022e-01
42.464000  2.77524299e-01  4.35611481e-01
42.496000  2.77905622e-01  4.36098667e-01
42.528000  2.78286692e-01  4.36585359e-01
42.560000  2.78667507e-01  4.37071557e-01
42.592000  2.79048069e-01  4.37557263e-01
42.624000  2.79428377e-01  4.38042476e-01
42.656000  2.79808431e-01  4.38527198e-01
42.688000  2.80188231e-01  4.39011428e-01
42.720000  2.80567777e-01  4.39495168e-01
42.752000  2.80947069e-01  4.39978417e-01
42.784000  2.81323617e-01  4.40457278e-01
42.816000  2.81699808e-01  4.40935491e-01
42.848000  2.82075737e-01  4.41413203e-01
42.880000  2.82451403e-01  4.41890416e-01
42.912000  2.82826806e-01  4.42367131e-01
42.944000  2.83201947e-01  4.42843347e-01
42.976000  2.83576825e-01  4.43319065e-01
43.008000  2.83941993e-01  4.43779522e-01
43.040000  2.84278573e-01  4.44195230e-01
43.072000  2.84613013e-01  4.44607537e-01
43.104000  2.84946332e-01  4.45018039e-01
43.136000  2.85279402e-01  4.45428099e-01
43.168000  2.85612221e-01  4.45837714e-01
43.200000  2.85944791e-01  4.46246888e-01
43.232000  2.86277111e-01  4.46655618e-01
43.264000  2.86609181e-01  4.47063907e-01
43.296000  2.86941001e-01  4.47471754e-01
43.328000  2.87272571e-01  4.47879160e-01
43.360000  2.89990968e-01  4.52006846e-01
43.392000  2.98741794e-01  4.65533074e-01
43.424000  3.07232828e-01  4.78648122e-01
43.456000  3.15487803e-01  4.91389268e-01
43.488000  3.23527158e-01  5.03788625e-01
43.520000  3.31368644e-01  5.15874088e-01
43.552000  3.39027786e-01  5.27670060e-01
43.584000  3.46518254e-01  5.39198035e-01
43.616000  3.53852156e-01  5.50477052e-01
43.648000  3.61040274e-01  5.61524072e-01
43.680000  3.63298686e-01  5.64900655e-01
43.712000  3.63831827e-01  5.65593782e-01
43.744000  3.64364903e-01  5.66286657e-01
43.776000  3.64897913e-01  5.66979280e-01
43.808000  3.65430857e-01  5.67671651e-01
43.840000  3.65963734e-01  5.68363769e-01
43.872000  3.66496543e-01  5.69055634e-01
43.904000  3.67029285e-01  5.70144966e-01
43.936000  3.67561959e-01  5.71440093e-01
43.968000  3.68094451e-01  5.72735501e-01
44.000000  3.68625163e-01  5.74028697e-01
44.032000  3.69086543e-01  5.75214395e-01
44.064000  3.69547842e-01  5.76400346e-01
44.096000  3.70641942e-01  5.77586547e-01
44.128000  3.71856473e-01  5.78772997e-01
44.160000  3.73071486e-01  5.79959694e-01
44.192000  3.74286980e-01  5.81146635e-01
44.224000  3.75502952e-01  5.82333821e-01
44.256000  3.76719401e-01  5.83521248e-01
44.288000  3.77935895e-01  5.84708253e-01
44.320000  3.79151554e-01  5.85893478e-01
44.352000  3.80367669e-01  5.87078926e-01
44.384000  3.81584237e-01  5.88264593e-01
44.416000  3.82801256e-01  5.89450479e-01
44.448000  3.84018724e-01  5.90636581e-01
44.480000  3.85236637e-01  5.91822897e-01
44.512000  3.86454994e-01  5.93009426e-01
44.544000  3.87673793e-01  5.90420227e-01
44.576000  3.88893030e-01  5.86692164e-01
44.608000  3.90112143e-01  5.85994950e-01
44.640000  3.91330326e-01  5.86113824e-01
44.672000  3.92548927e-01  5.86232126e-01
44.704000  3.93767944e-01  5.86349857e-01
44.736000  4.00957462e-01  5.86467017e-01
44.768000  4.01150144e-01  5.86583608e-01
44.800000  4.01342516e-01  5.86699631e-01
44.832000  4.01534580e-01  5.86815086e-01
44.864000  4.01726336e-01  5.86929974e-01
44.896000  4.01917783e-01  5.87044296e-01
44.928000  4.02108533e-01  5.87157482e-01
44.960000  4.02297342e-01  5.87267722e-01
44.992000  4.02485841e-01  5.87377394e-01
45.024000  4.02609870e-01  5.87392894e-01
45.056000  4.02712308e-01  5.87376842e-01
45.088000  4.02814555e-01  5.87360471e-01
45.120000  4.02916613e-01  5.87343780e-01
45.152000  4.03018480e-01  5.87326770e-01
45.184000  4.03120158e-01  5.87309442e-01
45.216000  4.03221646e-01  5.87291795e-01
45.248000  4.03322944e-01  5.87273830e-01
45.280000  4.03422359e-01  5.87253083e-01
45.312000  4.03521487e-01  5.87231878e-01
45.344000  4.03620422e-01  5.87210353e-01
45.376000  4.03719164e-01  5.87188508e-01
45.408000  4.03817714e-01  5.87166344e-01
45.440000  4.03916072e-01  5.87143861e-01
45.472000  4.04014237e-01  5.87121059e-01
45.504000  4.04112209e-01  5.87097939e-01
45.536000  4.04209989e-01  5.87074501e-01
45.568000  4.04307577e-01  5.87050745e-01
45.600000  4.04403989e-01  5.87025245e-01
45.632000  4.04499400e-01  5.86998255e-01
45.664000  4.04594616e-01  5.86970945e-01
45.696000  4.04689636e-01  5.86943315e-01
45.728000  4.04784462e-01  5.86915366e-01
45.760000  4.04879092e-01  5.86887098e-01
45.792000  4.04973527e-01  5.86858512e-01
45.824000  4.05067766e-01  5.86829607e-01
45.856000  4.05161811e-01  5.86800384e-01
45.888000  4.05255660e-01  5.86770843e-01
45.920000  4.05349314e-01  5.86740985e-01
45.952000  4.05443727e-01  5.86712189e-01
45.984000  4.05537951e-01  5.86683085e-01
46.016000  4.05581932e-01  5.86581281e-01
46.048000  4.05575776e-01  5.86406992e-01
46.080000  4.05569570e-01  5.86232676e-01
46.112000  4.05563313e-01  5.86058333e-01
46.144000  4.05557005e-01  5.85883962e-01
46.176000  4.05550645e-01  5.85709564e-01
46.208000  4.05544234e-01  5.85535139e-01
46.240000  4.05537771e-01  5.85360684e-01
46.272000  4.05538810e-01  5.85197103e-01
46.304000  4.05558428e-01  5.85060365e-01
46.336000  4.05578036e-01  5.84877544e-01
46.368000  4.05597633e-01  5.84602993e-01
46.400000  4.05617218e-01  5.84328470e-01
46.432000  4.05636792e-01  5.84053976e-01
46.464000  4.05656355e-01  5.83779511e-01
46.496000  4.05675906e-01  5.83505074e-01
46.528000  4.05695445e-01  5.83230665e-01
46.560000  4.05714973e-01  5.82956285e-01
46.592000  4.05734488e-01  5.82681932e-01
46.624000  4.05753298e-01  5.82406611e-01
46.656000  4.05771132e-01  5.82129937e-01
46.688000  4.05788953e-01  5.81853291e-01
46.720000  4.05806761e-01  5.81576674e-01
46.752000  4.05893805e-01  5.81300085e-01
46.784000  4.06051819e-01  5.81023525e-01
46.816000  4.06209796e-01  5.80746993e-01
46.848000  4.06367733e-01  5.80470488e-01
46.880000  4.06525632e-01  5.80194011e-01
46.912000  4.06683492e-01  5.79917561e-01
46.944000  4.06841313e-01  5.79641139e-01
46.976000  4.07001108e-01  5.79367610e-01
47.008000  4.07136937e-01  5.78683994e-01
47.040000  4.07191280e-01  5.77799980e-01
47.072000  4.07245653e-01  5.77427428e-01
47.104000  4.07300058e-01  5.77225427e-01
47.136000  4.07354493e-01  5.77023659e-01
47.168000  4.07408959e-01  5.76822125e-01
47.200000  4.07463455e-01  5.76620824e-01
47.232000  4.07517982e-01  5.76419754e-01
47.264000  4.07572538e-01  5.76218916e-01
47.296000  4.07627124e-01  5.76018309e-01
47.328000  4.07681547e-01  5.75817661e-01
47.360000  4.07735129e-01  5.75616014e-01
47.392000  4.07788740e-01  5.75414595e-01
47.424000  4.10371407e-01  5.75213406e-01
47.456000  4.17205274e-01  5.75012444e-01
47.488000  4.17322308e-01  5.74811709e-01
47.520000  4.17439328e-01  5.74611201e-01
47.552000  4.17556333e-01  5.74410919e-01
47.584000  4.17673323e-01  5.74210863e-01
47.616000  4.17790299e-01  5.74011030e-01
47.648000  4.17907259e-01  5.73811422e-01
47.680000  4.18024204e-01  5.73612038e-01
47.712000  4.18139785e-01  5.73411025e-01
47.744000  4.18255022e-01  5.73209789e-01
47.776000  4.18370243e-01  5.73008775e-01
47.808000  4.18485446e-01  5.72807983e-01
47.840000  4.18600632e-01  5.72607412e-01
47.872000  4.18715800e-01  5.72407061e-01
47.904000  4.18830951e-01  5.72206931e-01
47.936000  4.18946083e-01  5.72007020e-01
47.968000  4.19061198e-01  5.71807327e-01
48.000000  4.19176294e-01  5.71607853e-01
48.032000  4.19174553e-01  5.71249396e-01
48.064000  4.19172380e-01  5.70890791e-01
48.096000  4.19168915e-01  5.70530867e-01
48.128000  4.19165459e-01  5.70171397e-01
48.160000  4.19162012e-01  5.69812380e-01
48.192000  4.19158574e-01  5.69453816e-01
48.224000  4.19155145e-01  5.69095702e-01
48.256000  4.19151724e-01  5.68738039e-01
48.288000  4.19148312e-01  5.68380824e-01
48.320000  4.19144908e-01  5.68024058e-01
48.352000  4.19141512e-01  5.67667738e-01
48.384000  4.19138124e-01  5.67311864e-01
48.416000  4.19134744e-01  5.66956434e-01
48.448000  4.19130635e-01  5.66600453e-01
48.480000  4.19125857e-01  5.66244002e-01
48.512000  4.19121086e-01  5.65887995e-01
48.544000  4.19116321e-01  5.65532429e-01
48.576000  4.19111564e-01  5.65177306e-01
48.608000  4.19106812e-01  5.64822622e-01
48.640000  4.19102067e-01  5.64468378e-01
48.672000  4.19097328e-01  5.64114572e-01
48.704000  4.19092594e-01  5.63761204e-01
48.736000  4.19087866e-01  5.63408271e-01
48.768000  4.19083144e-01  5.63055774e-01
48.800000  4.19078426e-01  5.62703710e-01
48.832000  4.19072769e-01  5.62350812e-01
48.864000  4.19066496e-01  5.62019429e-01
48.896000  4.19060226e-01  5.61722616e-01
48.928000  4.19053960e-01  5.61426165e-01
48.960000  4.19047696e-01  5.61130077e-01
48.992000  4.19041436e-01  5.60834350e-01
49.024000  4.18968660e-01  5.60450002e-01
49.056000  4.18873734e-01  5.60036487e-01
49.088000  4.18778835e-01  5.59623483e-01
49.120000  4.18683962e-01  5.59210990e-01
49.152000  4.18589115e-01  5.58799007e-01
49.184000  4.18494293e-01  5.58387531e-01
49.216000  4.18398602e-01  5.57975367e-01
49.248000  4.18302032e-01  5.57562505e-01
49.280000  4.18205487e-01  5.57150151e-01
49.312000  4.18108968e-01  5.56738303e-01
49.344000  4.18012473e-01  5.56326960e-01
49.376000  4.17916004e-01  5.55916121e-01
49.408000  4.17819559e-01  5.55505785e-01
49.440000  4.17723139e-01  5.55095950e-01
49.472000  4.17894274e-01  5.54686615e-01
49.504000  4.18125415e-01  5.54277780e-01
49.536000  4.18356037e-01  5.54180214e-01
49.568000  4.18586142e-01  5.54818074e-01
49.600000  4.18803118e-01  5.55389447e-01
49.632000  4.18968342e-01  5.54831491e-01
49.664000  4.19133017e-01  5.54274329e-01
49.696000  4.19297146e-01  5.53717959e-01
49.728000  4.19460728e-01  5.53162379e-01
49.760000  4.19623765e-01  5.52607588e-01
49.792000  4.19786259e-01  5.52053584e-01
49.824000  4.19948209e-01  5.51500364e-01
49.856000  4.20109618e-01  5.50947928e-01
49.888000  4.20270485e-01  5.50396273e-01
49.920000  4.20430813e-01  5.49845398e-01
49.952000  4.20590603e-01  5.49295301e-01
49.984000  4.20749855e-01  5.48745980e-01
50.016000  4.20876068e-01  5.48155103e-01
50.048000  4.20969114e-01  5.47522674e-01
50.080000  4.21061563e-01  5.46891165e-01
50.112000  4.21153416e-01  5.46260577e-01
50.144000  4.21244673e-01  5.45630907e-01
50.176000  4.21335338e-01  5.45002152e-01
50.208000  4.26065070e-01  5.44374312e-01
50.240000  4.32740522e-01  5.43747383e-01
50.272000  4.30560825e-01  5.43121363e-01
50.304000  4.26911969e-01  5.42496252e-01
50.336000  4.26399160e-01  5.41872047e-01
50.368000  4.25887110e-01  5.41248745e-01
50.400000  4.25375820e-01  5.40626345e-01
50.432000  4.24864035e-01  5.40003255e-01
50.464000  4.24353003e-01  5.39381060e-01
50.496000  4.23842726e-01  5.38759762e-01
50.528000  4.23333203e-01  5.38139360e-01
50.560000  4.22824430e-01  5.37519851e-01
50.592000  4.22316408e-01  5.36901234e-01
50.624000  4.21809134e-01  5.36283506e-01
50.656000  4.21302606e-01  5.35666666e-01
50.688000  4.20796824e-01  5.35050711e-01
50.720000  4.20291785e-01  5.34435640e-01
50.752000  4.19787487e-01  5.33821451e-01
50.784000  4.19283930e-01  5.33208141e-01
50.816000  4.18781054e-01  5.32595638e-01
50.848000  4.18278324e-01  5.31983258e-01
50.880000  4.17776330e-01  5.31371753e-01
50.912000  4.17275071e-01  5.30761122e-01
50.944000  4.16774545e-01  5.30151363e-01
50.976000  4.16274751e-01  5.29542473e-01
51.008000  4.15768839e-01  5.28925739e-01
51.040000  4.15243144e-01  5.28283776e-01
51.072000  4.14718228e-01  5.27642740e-01
51.104000  4.14194090e-01  5.27002628e-01
51.136000  4.13670726e-01  5.26363439e-01
51.168000  4.13148137e-01  5.25725170e-01
51.200000  4.12626319e-01  5.25087820e-01
51.232000  4.12105272e-01  5.24451387e-01
51.264000  4.11583389e-01  5.23813825e-01
51.296000  4.11062216e-01  5.23177103e-01
51.328000  4.10541811e-01  5.22541296e-01
51.360000  4.10022173e-01  5.21906401e-01
51.392000  4.09503300e-01  5.21272416e-01
51.424000  4.08985190e-01  5.20491026e-01
51.456000  4.08467842e-01  5.19243387e-01
51.488000  4.07951254e-01  5.18410135e-01
51.520000  4.07435425e-01  5.17736825e-01
51.552000  4.06920353e-01  5.17064516e-01
51.584000  4.06406036e-01  5.16393209e-01
51.616000  4.05892472e-01  5.15722899e-01
51.648000  4.05379661e-01  5.15053586e-01
51.680000  4.04866434e-01  5.14383785e-01
51.712000  4.04353253e-01  5.13714083e-01
51.744000  4.03840823e-01  5.13045377e-01
51.776000  4.03329144e-01  5.12377665e-01
51.808000  4.02818214e-01  5.11710945e-01
51.840000  4.02308031e-01  5.11045215e-01
51.872000  4.01798594e-01  5.10380472e-01
51.904000  4.01289901e-01  5.09716715e-01
51.936000  4.00781951e-01  5.09053941e-01
51.968000  4.00274741e-01  5.08392149e-01
52.000000  3.99768271e-01  5.07731336e-01
52.032000  3.99260171e-01  5.07068494e-01
52.064000  3.98752812e-01  5.06406633e-01
52.096000  3.98246105e-01  5.05722237e-01
52.128000  3.97738677e-01  5.04686389e-01
52.160000  3.97231989e-01  5.03652406e-01
52.192000  3.96726038e-01  5.04998658e-01
52.224000  3.96220824e-01  5.05598163e-01
52.256000  3.94491499e-01  5.05497583e-01
52.288000  3.90517849e-01  5.05164236e-01
52.320000  3.90108435e-01  5.04831089e-01
52.352000  3.89699532e-01  5.04498141e-01
52.384000  3.89291140e-01  5.04165391e-01
52.416000  3.88883258e-01  5.03832839e-01
52.448000  3.88475885e-01  5.03500485e-01
52.480000  3.88069020e-01  5.03168329e-01
52.512000  3.87662661e-01  5.02836369e-01
52.544000  3.87256453e-01  5.02504146e-01
52.576000  3.86849745e-01  5.02170814e-01
52.608000  3.86443542e-01  5.01837679e-01
52.640000  3.86037844e-01  5.01504741e-01
52.672000  3.85632650e-01  5.01171999e-01
52.704000  3.85227958e-01  5.00839453e-01
52.736000  3.84823768e-01  5.00507102e-01
52.768000  3.84420078e-01  5.00174947e-01
52.800000  3.84016887e-01  4.99842986e-01
52.832000  3.83614195e-01  4.99511219e-01
52.864000  3.83212000e-01  4.99179646e-01
52.896000  3.82810301e-01  4.98848266e-01
52.928000  3.82409098e-01  4.98517078e-01
52.960000  3.82008388e-01  4.98186083e-01
52.992000  3.81607867e-01  4.97854883e-01
53.024000  3.81534329e-01  4.97536231e-01
53.056000  3.81887006e-01  4.97222326e-01
53.088000  3.82238436e-01  4.96908600e-01
53.120000  3.84379360e-01  4.96595054e-01
53.152000  3.83386592e-01  4.96281687e-01
53.184000  3.82776506e-01  4.95968498e-01
53.216000  3.82309434e-01  4.95655488e-01
53.248000  3.81843016e-01  4.95342655e-01
53.280000  3.81377252e-01  4.95029999e-01
53.312000  3.80912141e-01  4.94717520e-01
53.344000  3.80447681e-01  4.94405217e-01
53.376000  3.79983871e-01  4.94093091e-01
53.408000  3.79520710e-01  4.93781139e-01
53.440000  3.79058195e-01  4.93469363e-01
53.472000  3.78595193e-01  4.93156285e-01
53.504000  3.78132783e-01  4.92843311e-01
53.536000  3.77671018e-01  4.92530512e-01
53.568000  3.77209897e-01  4.92217888e-01
53.600000  3.76749419e-01  4.91905438e-01
53.632000  3.76289581e-01  4.91593161e-01
53.664000  3.75830384e-01  4.91281058e-01
53.696000  3.75371826e-01  4.90969128e-01
53.728000  3.74913904e-01  4.90657369e-01
53.760000  3.74456619e-01  4.90345783e-01
53.792000  3.73999968e-01  4.90034369e-01
53.824000  3.73543950e-01  4.89723125e-01
53.856000  3.73088565e-01  4.89412053e-01
53.888000  3.72633810e-01  4.89101150e-01
53.920000  3.72179226e-01  4.88789815e-01
53.952000  3.71724668e-01  4.88477860e-01
53.984000  3.71270741e-01  4.88297988e-01
54.016000  3.70827272e-01  4.88385994e-01
54.048000  3.70394235e-01  4.88486248e-01
54.080000  3.69961786e-01  4.88585807e-01
54.112000  3.69529924e-01  4.88684674e-01
54.144000  3.69098649e-01  4.88782849e-01
54.176000  3.68667959e-01  4.88880334e-01
54.208000  3.68237853e-01  4.88977129e-01
54.240000  3.67808329e-01  4.89073237e-01
54.272000  3.67379387e-01  4.89168658e-01
54.304000  3.66951025e-01  4.89263394e-01
54.336000  3.66523242e-01  4.89357446e-01
54.368000  3.66096036e-01  4.89450814e-01
54.400000  3.65668662e-01  4.89542503e-01
54.432000  3.65241472e-01  4.90477207e-01
54.464000  3.64814859e-01  4.91873018e-01
54.496000  3.64388821e-01  4.91164998e-01
54.528000  3.63963356e-01  4.90458043e-01
54.560000  3.63538463e-01  4.89752151e-01
54.592000  3.63114142e-01  4.89047319e-01
54.624000  3.62690391e-01  4.88343547e-01
54.656000  3.62267209e-01  4.87640831e-01
54.688000  3.61844595e-01  4.86939169e-01
54.720000  3.61422547e-01  4.86238560e-01
54.752000  3.61001065e-01  4.85539001e-01
54.784000  3.60580146e-01  4.84840490e-01
54.816000  3.60159791e-01  4.84143024e-01
54.848000  3.59739998e-01  4.83446603e-01
54.880000  3.59316034e-01  4.82744866e-01
54.912000  3.58889695e-01  4.82040231e-01
54.944000  3.58463919e-01  4.81336646e-01
54.976000  3.58038707e-01  4.80634110e-01
55.008000  3.57617408e-01  4.79937118e-01
55.040000  3.57206707e-01  4.79254635e-01
55.072000  3.56796540e-01  4.78573150e-01
55.104000  3.56386906e-01  4.77892662e-01
55.136000  3.55977804e-01  4.77213168e-01
55.168000  3.55569232e-01  4.76534666e-01
55.200000  3.55161190e-01  4.75857155e-01
55.232000  3.54763084e-01  4.75180631e-01
55.264000  3.54368021e-01  4.74505093e-01
55.296000  3.53973457e-01  4.73830540e-01
55.328000  3.53579393e-01  4.73156969e-01
55.360000  3.53182514e-01  4.72479946e-01
55.392000  3.52778754e-01  4.71794036e-01
55.424000  3.52375493e-01  4.71109115e-01
55.456000  3.51972731e-01  4.70425182e-01
55.488000  3.51570465e-01  4.69742235e-01
55.520000  3.51168696e-01  4.69060271e-01
55.552000  3.50767422e-01  4.68379289e-01
55.584000  3.50366642e-01  4.67699286e-01
55.616000  3.49966355e-01  4.67020261e-01
55.648000  3.49566560e-01  4.66342211e-01
55.680000  3.49167256e-01  4.65665135e-01
55.712000  3.48768441e-01  4.64989030e-01
55.744000  3.48370115e-01  4.64313895e-01
55.776000  3.47972277e-01  4.63639727e-01
55.808000  3.47574925e-01  4.62966524e-01
55.840000  3.47178058e-01  4.62294285e-01
55.872000  3.46778256e-01  4.61618456e-01
55.904000  3.46377656e-01  4.60941883e-01
55.936000  3.45977541e-01  4.60266275e-01
55.968000  3.45577910e-01  4.59591631e-01
56.000000  3.45178762e-01  4.58917948e-01
56.032000  3.44791986e-01  4.58261026e-01
56.064000  3.45036735e-01  4.57605023e-01
56.096000  3.45534924e-01  4.56949934e-01
56.128000  3.45398641e-01  4.56295759e-01
56.160000  3.45058466e-01  4.55642496e-01
56.192000  3.44718646e-01  4.54990142e-01
56.224000  3.44379179e-01  4.54338697e-01
56.256000  3.44040064e-01  4.53688157e-01
56.288000  3.43701301e-01  4.53071937e-01
56.320000  3.43362888e-01  4.52472164e-01
56.352000  3.43024825e-01  4.51873186e-01
56.384000  3.42684187e-01  4.51271149e-01
56.416000  3.42343424e-01  4.50669285e-01
56.448000  3.42003010e-01  4.50068214e-01
56.480000  3.41662943e-01  4.49467935e-01
56.512000  3.41323221e-01  4.48868445e-01
56.544000  3.40983845e-01  4.48269744e-01
56.576000  3.40644814e-01  4.47671829e-01
56.608000  3.40306126e-01  4.47074699e-01
56.640000  3.39967781e-01  4.46478352e-01
56.672000  3.39629777e-01  4.45882786e-01
56.704000  3.39292115e-01  4.45288001e-01
56.736000  3.38954793e-01  4.44693993e-01
56.768000  3.38617810e-01  4.44100762e-01
56.800000  3.38281166e-01  4.43508306e-01
56.832000  3.37944860e-01  4.42916622e-01
56.864000  3.37608890e-01  4.42325711e-01
56.896000  3.37272539e-01  4.41734629e-01
56.928000  3.36936223e-01  4.41143924e-01
56.960000  3.36600244e-01  4.40553989e-01
56.992000  3.36264600e-01  4.39964822e-01
57.024000  3.35931122e-01  4.39528274e-01
57.056000  3.35598585e-01  4.39616537e-01
57.088000  3.35266377e-01  4.39704095e-01
57.120000  3.34934497e-01  4.39394093e-01
57.152000  3.34602945e-01  4.38960774e-01
57.184000  3.34271719e-01  4.38527880e-01
57.216000  3.33940820e-01  4.38095412e-01
57.248000  3.33610245e-01  4.37663367e-01
57.280000  3.33279995e-01  4.37231745e-01
57.312000  3.32950067e-01  4.36800545e-01
57.344000  3.32620463e-01  4.36369766e-01
57.376000  3.32291180e-01  4.35939406e-01
57.408000  3.31962101e-01  4.35509312e-01
57.440000  3.31632987e-01  4.35079170e-01
57.472000  3.31304195e-01  4.34649446e-01
57.504000  3.30975723e-01  4.34220141e-01
57.536000  3.30647571e-01  4.33791253e-01
57.568000  3.30319737e-01  4.33362780e-01
57.600000  3.29992222e-01  4.32934723e-01
57.632000  3.29665024e-01  4.32507079e-01
57.664000  3.29338142e-01  4.32079848e-01
57.696000  3.29011576e-01  4.31653028e-01
57.728000  3.28685325e-01  4.31226620e-01
57.760000  3.28359388e-01  4.30800620e-01
57.792000  3.28033764e-01  4.30375030e-01
57.824000  3.27708452e-01  4.29949846e-01
57.856000  3.27383452e-01  4.29525069e-01
57.888000  3.27058763e-01  4.29100698e-01
57.920000  3.26734384e-01  4.28676730e-01
57.952000  3.26410040e-01  4.28252807e-01
57.984000  3.26085712e-01  4.27828903e-01
58.016000  3.25761008e-01  4.27404501e-01
58.048000  3.25435928e-01  4.26979605e-01
58.080000  3.25111158e-01  4.26555112e-01
58.112000  3.24786697e-01  4.26131023e-01
58.144000  3.24462544e-01  4.25707335e-01
58.176000  3.24138698e-01  4.25284049e-01
58.208000  3.23815160e-01  4.24861163e-01
58.240000  3.23511204e-01  4.24438675e-01
58.272000  3.23238352e-01  4.24016585e-01
58.304000  3.22965693e-01  4.23594892e-01
58.336000  3.22693227e-01  4.23173595e-01
58.368000  3.22420954e-01  4.22752693e-01
58.400000  3.22148871e-01  4.22332184e-01
58.432000  3.21876980e-01  4.21912068e-01
58.464000  3.21605280e-01  4.21492343e-01
58.496000  3.21333595e-01  4.21072782e-01
58.528000  3.21061843e-01  4.20653275e-01
58.560000  3.20790282e-01  4.20234159e-01
58.592000  3.20518910e-01  4.19815432e-01
58.624000  3.20247728e-01  4.19397095e-01
58.656000  3.19976734e-01  4.18979146e-01
58.688000  3.19705928e-01  4.18561584e-01
58.720000  3.19435309e-01  4.18144408e-01
58.752000  3.19164877e-01  4.17727617e-01
58.784000  3.18894631e-01  4.17311209e-01
58.816000  3.18624570e-01  4.16895185e-01
58.848000  3.18354695e-01  4.16479543e-01
58.880000  3.18085003e-01  4.16064281e-01
58.912000  3.17815495e-01  4.15649399e-01
58.944000  3.17546171e-01  4.15234896e-01
58.976000  3.17277028e-01  4.14820771e-01
59.008000  3.17007815e-01  4.14417694e-01
59.040000  3.16738026e-01  4.14061601e-01
59.072000  3.16467920e-01  4.13705105e-01
59.104000  3.16721951e-01  4.13348857e-01
59.136000  3.17202653e-01  4.12992858e-01
59.168000  3.16946635e-01  4.12637107e-01
59.200000  3.16594748e-01  4.12281603e-01
59.232000  3.16243224e-01  4.11926346e-01
59.264000  3.15892063e-01  4.11571335e-01
59.296000  3.15541263e-01  4.11216569e-01
59.328000  3.15190823e-01  4.10862047e-01
59.360000  3.14840743e-01  4.10507769e-01
59.392000  3.14491022e-01  4.10153733e-01
59.424000  3.14141659e-01  4.09799939e-01
59.456000  3.13792653e-01  4.09446386e-01
59.488000  3.13444002e-01  4.09093073e-01
59.520000  3.13095707e-01  4.08739999e-01
59.552000  3.12747767e-01  4.08387164e-01
59.584000  3.12400179e-01  4.08034566e-01
59.616000  3.12052951e-01  4.07682215e-01
59.648000  3.11706096e-01  4.07330126e-01
59.680000  3.11359593e-01  4.06978276e-01
59.712000  3.11013443e-01  4.06626662e-01
59.744000  3.10667644e-01  4.06275286e-01
59.776000  3.10322195e-01  4.06358073e-01
59.808000  3.09977096e-01  4.07315213e-01
59.840000  3.09632345e-01  4.07762497e-01
59.872000  3.09287942e-01  4.07375012e-01
59.904000  3.08943886e-01  4.06987837e-01
59.936000  3.08600176e-01  4.06600973e-01
59.968000  3.08256811e-01  4.06214417e-01
60.000000  3.07913791e-01  4.05828170e-01
60.032000  3.07569374e-01  4.05439937e-01
60.064000  3.07225303e-01  4.05052014e-01
60.096000  3.06881577e-01  4.04664399e-01
60.128000  3.06538196e-01  4.04277093e-01
60.160000  3.06195157e-01  4.03890094e-01
60.192000  3.05852419e-01  4.03503345e-01
60.224000  3.05509819e-01  4.03116634e-01
60.256000  3.05167563e-01  4.02730231e-01
60.288000  3.04825649e-01  4.02344134e-01
60.320000  3.04484076e-01  4.01958342e-01
60.352000  3.04142843e-01  4.01572855e-01
60.384000  3.03801950e-01  4.01187672e-01
60.416000  3.03461395e-01  4.00802791e-01
60.448000  3.03121179e-01  4.00418212e-01
60.480000  3.02781299e-01  4.00033934e-01
60.512000  3.02441756e-01  3.99649956e-01
60.544000  3.02102548e-01  3.99266277e-01
60.576000  3.01763674e-01  3.98882896e-01
60.608000  3.01425134e-01  3.98499813e-01
60.640000  3.01086926e-01  3.98117025e-01
60.672000  3.00749051e-01  3.97734534e-01
60.704000  3.00411507e-01  3.97352337e-01
60.736000  3.00074293e-01  3.96970433e-01
60.768000  2.99737408e-01  3.96588822e-01
60.800000  2.99400840e-01  3.96207488e-01
60.832000  2.99064598e-01  3.95826442e-01
60.864000  2.98728685e-01  3.95445690e-01
60.896000  2.98393101e-01  3.95065229e-01
60.928000  2.98057844e-01  3.94685060e-01
60.960000  2.97722914e-01  3.94305181e-01
60.992000  2.97388309e-01  3.93925591e-01
61.024000  2.97054810e-01  3.93547323e-01
61.056000  2.96721892e-01  3.93169686e-01
61.088000  2.96389296e-01  3.92792332e-01
61.120000  2.96057021e-01  3.92415263e-01
61.152000  2.95725065e-01  3.92038476e-01
61.184000  2.95393428e-01  3.91661972e-01
61.216000  2.95062109e-01  3.91285748e-01
61.248000  2.94731108e-01  3.90909805e-01
61.280000  2.94400423e-01  3.90534141e-01
61.312000  2.94070053e-01  3.90158755e-01
61.344000  2.93746492e-01  3.89783647e-01
61.376000  2.93435112e-01  3.89408815e-01
61.408000  2.93124897e-01  3.89035446e-01
61.440000  2.92815027e-01  3.88662447e-01
61.472000  2.92505429e-01  3.88289728e-01
61.504000  2.92196105e-01  3.87917286e-01
61.536000  2.91887052e-01  3.87545121e-01
61.568000  2.91578271e-01  3.87173232e-01
61.600000  2.91269761e-01  3.86801618e-01
61.632000  2.90961520e-01  3.86430279e-01
61.664000  2.90653548e-01  3.86059212e-01
61.696000  2.90345845e-01  3.85688419e-01
61.728000  2.90038409e-01  3.85317897e-01
61.760000  2.89731240e-01  3.84960816e-01
61.792000  2.89424337e-01  3.84665999e-01
61.824000  2.89117700e-01  3.84371283e-01
61.856000  2.88811327e-01  3.84076668e-01
61.888000  2.88505218e-01  3.83782153e-01
61.920000  2.88199372e-01  3.83487738e-01
61.952000  2.87893789e-01  3.83193422e-01
61.984000  2.87588467e-01  3.82899205e-01
