wave_A  modfactor_lo  modfactor_hi
32.000000  0.94100000  0.92840000
32.032000  0.94101600  0.92839040
32.064000  0.94103200  0.92838080
32.096000  0.94104800  0.92837120
32.128000  0.94106400  0.92836160
32.160000  0.94108000  0.92835200
32.192000  0.94109600  0.92834240
32.224000  0.94111200  0.92833280
32.256000  0.94112800  0.92832320
32.288000  0.94114400  0.92831360
32.320000  0.94116000  0.92830400
32.352000  0.94117600  0.92829440
32.384000  0.94119200  0.92828480
32.416000  0.94120800  0.92827520
32.448000  0.94122400  0.92826560
32.480000  0.94124000  0.92825600
32.512000  0.94125600  0.92824640
32.544000  0.94127200  0.92823680
32.576000  0.94128800  0.92822720
32.608000  0.94130400  0.92821760
32.640000  0.94132000  0.92820800
32.672000  0.94133600  0.92819840
32.704000  0.94135200  0.92818880
32.736000  0.94136800  0.92817920
32.768000  0.94138400  0.92816960
32.800000  0.94140000  0.92816000
32.832000  0.94141600  0.92815040
32.864000  0.94143200  0.92814080
32.896000  0.94144800  0.92813120
32.928000  0.94146400  0.92812160
32.960000  0.94148000  0.92811200
32.992000  0.94149600  0.92810240
33.024000  0.94151200  0.92809280
33.056000  0.94152800  0.92808320
33.088000  0.94154400  0.92807360
33.120000  0.94156000  0.92806400
33.152000  0.94157600  0.92805440
33.184000  0.94159200  0.92804480
33.216000  0.94160800  0.92803520
33.248000  0.94162400  0.92802560
33.280000  0.94164000  0.92801600
33.312000  0.94165600  0.92800640
33.344000  0.94167200  0.92799680
33.376000  0.94168800  0.92798720
33.408000  0.94170400  0.92797760
33.440000  0.94172000  0.92796800
33.472000  0.94173600  0.92795840
33.504000  0.94175200  0.92794880
33.536000  0.94176800  0.92793920
33.568000  0.94178400  0.92792960
33.600000  0.94180000  0.92792000
33.632000  0.94181600  0.92791040
33.664000  0.94183200  0.92790080
33.696000  0.94184800  0.92789120
33.728000  0.94186400  0.92788160
33.760000  0.94188000  0.92787200
33.792000  0.94189600  0.92786240
33.824000  0.94191200  0.92785280
33.856000  0.94192800  0.92784320
33.888000  0.94194400  0.92783360
33.920000  0.94196000  0.92782400
33.952000  0.94197600  0.92781440
33.984000  0.94199200  0.92780480
34.016000  0.94200800  0.92779520
34.048000  0.94202400  0.92778560
34.080000  0.94204000  0.92777600
34.112000  0.94205600  0.92776640
34.144000  0.94207200  0.92775680
34.176000  0.94208800  0.92774720
34.208000  0.94210400  0.92773760
34.240000  0.94212000  0.92772800
34.272000  0.94213600  0.92771840
34.304000  0.94215200  0.92770880
34.336000  0.94216800  0.92769920
34.368000  0.94218400  0.92768960
34.400000  0.94220000  0.92768000
34.432000  0.94221600  0.92767040
34.464000  0.94223200  0.92766080
34.496000  0.94224800  0.92765120
34.528000  0.94226400  0.92764160
34.560000  0.94228000  0.92763200
34.592000  0.94229600  0.92762240
34.624000  0.94231200  0.92761280
34.656000  0.94232800  0.92760320
34.688000  0.94234400  0.92759360
34.720000  0.94236000  0.92758400
34.752000  0.94237600  0.92757440
34.784000  0.94239200  0.92756480
34.816000  0.94240800  0.92755520
34.848000  0.94242400  0.92754560
34.880000  0.94244000  0.92753600
34.912000  0.94245600  0.92752640
34.944000  0.94247200  0.92751680
34.976000  0.94248800  0.92750720
35.008000  0.94250400  0.92749760
35.040000  0.94252000  0.92748800
35.072000  0.94253600  0.92747840
35.104000  0.94255200  0.92746880
35.136000  0.94256800  0.92745920
35.168000  0.94258400  0.92744960
35.200000  0.94260000  0.92744000
35.232000  0.94261600  0.92743040
35.264000  0.94263200  0.92742080
35.296000  0.94264800  0.92741120
35.328000  0.94266400  0.92740160
35.360000  0.94268000  0.92739200
35.392000  0.94269600  0.92738240
35.424000  0.94271200  0.92737280
35.456000  0.94272800  0.92736320
35.488000  0.94274400  0.92735360
35.520000  0.94276000  0.92734400
35.552000  0.94277600  0.92733440
35.584000  0.94279200  0.92732480
35.616000  0.94280800  0.92731520
35.648000  0.94282400  0.92730560
35.680000  0.94284000  0.92729600
35.712000  0.94285600  0.92728640
35.744000  0.94287200  0.92727680
35.776000  0.94288800  0.92726720
35.808000  0.94290400  0.92725760
35.840000  0.94292000  0.92724800
35.872000  0.94293600  0.92723840
35.904000  0.94295200  0.92722880
35.936000  0.94296800  0.92721920
35.968000  0.94298400  0.92720960
36.000000  0.94300000  0.92720000
36.032000  0.94301600  0.92719040
36.064000  0.94303200  0.92718080
36.096000  0.94304800  0.92717120
36.128000  0.94306400  0.92716160
36.160000  0.94308000  0.92715200
36.192000  0.94309600  0.92714240
36.224000  0.94311200  0.92713280
36.256000  0.94312800  0.92712320
36.288000  0.94314400  0.92711360
36.320000  0.94316000  0.92710400
36.352000  0.94317600  0.92709440
36.384000  0.94319200  0.92708480
36.416000  0.94320800  0.92707520
36.448000  0.94322400  0.92706560
36.480000  0.94324000  0.92705600
36.512000  0.94325600  0.92704640
36.544000  0.94327200  0.92703680
36.576000  0.94328800  0.92702720
36.608000  0.94330400  0.92701760
36.640000  0.94332000  0.92700800
36.672000  0.94333600  0.92699840
36.704000  0.94335200  0.92698880
36.736000  0.94336800  0.92697920
36.768000  0.94338400  0.92696960
36.800000  0.94340000  0.92696000
36.832000  0.94341600  0.92695040
36.864000  0.94343200  0.92694080
36.896000  0.94344800  0.92693120
36.928000  0.94346400  0.92692160
36.960000  0.94348000  0.92691200
36.992000  0.94349600  0.92690240
37.024000  0.94351200  0.92689280
37.056000  0.94352800  0.92688320
37.088000  0.94354400  0.92687360
37.120000  0.94356000  0.92686400
37.152000  0.94357600  0.92685440
37.184000  0.94359200  0.92684480
37.216000  0.94360800  0.92683520
37.248000  0.94362400  0.92682560
37.280000  0.94364000  0.92681600
37.312000  0.94365600  0.92680640
37.344000  0.94367200  0.92679680
37.376000  0.94368800  0.92678720
37.408000  0.94370400  0.92677760
37.440000  0.94372000  0.92676800
37.472000  0.94373600  0.92675840
37.504000  0.94375200  0.92674880
37.536000  0.94376800  0.92673920
37.568000  0.94378400  0.92672960
37.600000  0.94380000  0.92672000
37.632000  0.94381600  0.92671040
37.664000  0.94383200  0.92670080
37.696000  0.94384800  0.92669120
37.728000  0.94386400  0.92668160
37.760000  0.94388000  0.92667200
37.792000  0.94389600  0.92666240
37.824000  0.94391200  0.92665280
37.856000  0.94392800  0.92664320
37.888000  0.94394400  0.92663360
37.920000  0.94396000  0.92662400
37.952000  0.94397600  0.92661440
37.984000  0.94399200  0.92660480
38.016000  0.94400800  0.92659520
38.048000  0.94402400  0.92658560
38.080000  0.94404000  0.92657600
38.112000  0.94405600  0.92656640
38.144000  0.94407200  0.92655680
38.176000  0.94408800  0.92654720
38.208000  0.94410400  0.92653760
38.240000  0.94412000  0.92652800
38.272000  0.94413600  0.92651840
38.304000  0.94415200  0.92650880
38.336000  0.94416800  0.92649920
38.368000  0.94418400  0.92648960
38.400000  0.94420000  0.92648000
38.432000  0.94421600  0.92647040
38.464000  0.94423200  0.92646080
38.496000  0.94424800  0.92645120
38.528000  0.94426400  0.92644160
38.560000  0.94428000  0.92643200
38.592000  0.94429600  0.92642240
38.624000  0.94431200  0.92641280
38.656000  0.94432800  0.92640320
38.688000  0.94434400  0.92639360
38.720000  0.94436000  0.92638400
38.752000  0.94437600  0.92637440
38.784000  0.94439200  0.92636480
38.816000  0.94440800  0.92635520
38.848000  0.94442400  0.92634560
38.880000  0.94444000  0.92633600
38.912000  0.94445600  0.92632640
38.944000  0.94447200  0.92631680
38.976000  0.94448800  0.92630720
39.008000  0.94450400  0.92629760
39.040000  0.94452000  0.92628800
39.072000  0.94453600  0.92627840
39.104000  0.94455200  0.92626880
39.136000  0.94456800  0.92625920
39.168000  0.94458400  0.92624960
39.200000  0.94460000  0.92624000
39.232000  0.94461600  0.92623040
39.264000  0.94463200  0.92622080
39.296000  0.94464800  0.92621120
39.328000  0.94466400  0.92620160
39.360000  0.94468000  0.92619200
39.392000  0.94469600  0.92618240
39.424000  0.94471200  0.92617280
39.456000  0.94472800  0.92616320
39.488000  0.94474400  0.92615360
39.520000  0.94476000  0.92614400
39.552000  0.94477600  0.92613440
39.584000  0.94479200  0.92612480
39.616000  0.94480800  0.92611520
39.648000  0.94482400  0.92610560
39.680000  0.94484000  0.92609600
39.712000  0.94485600  0.92608640
39.744000  0.94487200  0.92607680
39.776000  0.94488800  0.92606720
39.808000  0.94490400  0.92605760
39.840000  0.94492000  0.92604800
39.872000  0.94493600  0.92603840
39.904000  0.94495200  0.92602880
39.936000  0.94496800  0.92601920
39.968000  0.94498400  0.92600960
40.000000  0.94500000  0.92600000
40.032000  0.94501600  0.92599040
40.064000  0.94503200  0.92598080
40.096000  0.94504800  0.92597120
40.128000  0.94506400  0.92596160
40.160000  0.94508000  0.92595200
40.192000  0.94509600  0.92594240
40.224000  0.94511200  0.92593280
40.256000  0.94512800  0.92592320
40.288000  0.94514400  0.92591360
40.320000  0.94516000  0.92590400
40.352000  0.94517600  0.92589440
40.384000  0.94519200  0.92588480
40.416000  0.94520800  0.92587520
40.448000  0.94522400  0.92586560
40.480000  0.94524000  0.92585600
40.512000  0.94525600  0.92584640
40.544000  0.94527200  0.92583680
40.576000  0.94528800  0.92582720
40.608000  0.94530400  0.92581760
40.640000  0.94532000  0.92580800
40.672000  0.94533600  0.92579840
40.704000  0.94535200  0.92578880
40.736000  0.94536800  0.92577920
40.768000  0.94538400  0.92576960
40.800000  0.94540000  0.92576000
40.832000  0.94541600  0.92575040
40.864000  0.94543200  0.92574080
40.896000  0.94544800  0.92573120
40.928000  0.94546400  0.92572160
40.960000  0.94548000  0.92571200
40.992000  0.94549600  0.92570240
41.024000  0.94551200  0.92569280
41.056000  0.94552800  0.92568320
41.088000  0.94554400  0.92567360
41.120000  0.94556000  0.92566400
41.152000  0.94557600  0.92565440
41.184000  0.94559200  0.92564480
41.216000  0.94560800  0.92563520
41.248000  0.94562400  0.92562560
41.280000  0.94564000  0.92561600
41.312000  0.94565600  0.92560640
41.344000  0.94567200  0.92559680
41.376000  0.94568800  0.92558720
41.408000  0.94570400  0.92557760
41.440000  0.94572000  0.92556800
41.472000  0.94573600  0.92555840
41.504000  0.94575200  0.92554880
41.536000  0.94576800  0.92553920
41.568000  0.94578400  0.92552960
41.600000  0.94580000  0.92552000
41.632000  0.94581600  0.92551040
41.664000  0.94583200  0.92550080
41.696000  0.94584800  0.92549120
41.728000  0.94586400  0.92548160
41.760000  0.94588000  0.92547200
41.792000  0.94589600  0.92546240
41.824000  0.94591200  0.92545280
41.856000  0.94592800  0.92544320
41.888000  0.94594400  0.92543360
41.920000  0.94596000  0.92542400
41.952000  0.94597600  0.92541440
41.984000  0.94599200  0.92540480
42.016000  0.94600800  0.92539520
42.048000  0.94602400  0.92538560
42.080000  0.94604000  0.92537600
42.112000  0.94605600  0.92536640
42.144000  0.94607200  0.92535680
42.176000  0.94608800  0.92534720
42.208000  0.94610400  0.92533760
42.240000  0.94612000  0.92532800
42.272000  0.94613600  0.92531840
42.304000  0.94615200  0.92530880
42.336000  0.94616800  0.92529920
42.368000  0.94618400  0.92528960
42.400000  0.94620000  0.92528000
42.432000  0.94621600  0.92527040
42.464000  0.94623200  0.92526080
42.496000  0.94624800  0.92525120
42.528000  0.94626400  0.92524160
42.560000  0.94628000  0.92523200
42.592000  0.94629600  0.92522240
42.624000  0.94631200  0.92521280
42.656000  0.94632800  0.92520320
42.688000  0.94634400  0.92519360
42.720000  0.94636000  0.92518400
42.752000  0.94637600  0.92517440
42.784000  0.94639200  0.92516480
42.816000  0.94640800  0.92515520
42.848000  0.94642400  0.92514560
42.880000  0.94644000  0.92513600
42.912000  0.94645600  0.92512640
42.944000  0.94647200  0.92511680
42.976000  0.94648800  0.92510720
43.008000  0.94650400  0.92509760
43.040000  0.94652000  0.92508800
43.072000  0.94653600  0.92507840
43.104000  0.94655200  0.92506880
43.136000  0.94656800  0.92505920
43.168000  0.94658400  0.92504960
43.200000  0.94660000  0.92504000
43.232000  0.94661600  0.92503040
43.264000  0.94663200  0.92502080
43.296000  0.94664800  0.92501120
43.328000  0.94666400  0.92500160
43.360000  0.94668000  0.92499200
43.392000  0.94669600  0.92498240
43.424000  0.94671200  0.92497280
43.456000  0.94672800  0.92496320
43.488000  0.94674400  0.92495360
43.520000  0.94676000  0.92494400
43.552000  0.94677600  0.92493440
43.584000  0.94679200  0.92492480
43.616000  0.94680800  0.92491520
43.648000  0.94682400  0.92490560
43.680000  0.94684000  0.92489600
43.712000  0.94685600  0.92488640
43.744000  0.94687200  0.92487680
43.776000  0.94688800  0.92486720
43.808000  0.94690400  0.92485760
43.840000  0.94692000  0.92484800
43.872000  0.94693600  0.92483840
43.904000  0.94695200  0.92482880
43.936000  0.94696800  0.92481920
43.968000  0.94698400  0.92480960
44.000000  0.94700000  0.92480000
44.032000  0.94701600  0.92479040
44.064000  0.94703200  0.92478080
44.096000  0.94704800  0.92477120
44.128000  0.94706400  0.92476160
44.160000  0.94708000  0.92475200
44.192000  0.94709600  0.92474240
44.224000  0.94711200  0.92473280
44.256000  0.94712800  0.92472320
44.288000  0.94714400  0.92471360
44.320000  0.94716000  0.92470400
44.352000  0.94717600  0.92469440
44.384000  0.94719200  0.92468480
44.416000  0.94720800  0.92467520
44.448000  0.94722400  0.92466560
44.480000  0.94724000  0.92465600
44.512000  0.94725600  0.92464640
44.544000  0.94727200  0.92463680
44.576000  0.94728800  0.92462720
44.608000  0.94730400  0.92461760
44.640000  0.94732000  0.92460800
44.672000  0.94733600  0.92459840
44.704000  0.94735200  0.92458880
44.736000  0.94736800  0.92457920
44.768000  0.94738400  0.92456960
44.800000  0.94740000  0.92456000
44.832000  0.94741600  0.92455040
44.864000  0.94743200  0.92454080
44.896000  0.94744800  0.92453120
44.928000  0.94746400  0.92452160
44.960000  0.94748000  0.92451200
44.992000  0.94749600  0.92450240
45.024000  0.94751200  0.92449280
45.056000  0.94752800  0.92448320
45.088000  0.94754400  0.92447360
45.120000  0.94756000  0.92446400
45.152000  0.94757600  0.92445440
45.184000  0.94759200  0.92444480
45.216000  0.94760800  0.92443520
45.248000  0.94762400  0.92442560
45.280000  0.94764000  0.92441600
45.312000  0.94765600  0.92440640
45.344000  0.94767200  0.92439680
45.376000  0.94768800  0.92438720
45.408000  0.94770400  0.92437760
45.440000  0.94772000  0.92436800
45.472000  0.94773600  0.92435840
45.504000  0.94775200  0.92434880
45.536000  0.94776800  0.92433920
45.568000  0.94778400  0.92432960
45.600000  0.94780000  0.92432000
45.632000  0.94781600  0.92431040
45.664000  0.94783200  0.92430080
45.696000  0.94784800  0.92429120
45.728000  0.94786400  0.92428160
45.760000  0.94788000  0.92427200
45.792000  0.94789600  0.92426240
45.824000  0.94791200  0.92425280
45.856000  0.94792800  0.92424320
45.888000  0.94794400  0.92423360
45.920000  0.94796000  0.92422400
45.952000  0.94797600  0.92421440
45.984000  0.94799200  0.92420480
46.016000  0.94800800  0.92419520
46.048000  0.94802400  0.92418560
46.080000  0.94804000  0.92417600
46.112000  0.94805600  0.92416640
46.144000  0.94807200  0.92415680
46.176000  0.94808800  0.92414720
46.208000  0.94810400  0.92413760
46.240000  0.94812000  0.92412800
46.272000  0.94813600  0.92411840
46.304000  0.94815200  0.92410880
46.336000  0.94816800  0.92409920
46.368000  0.94818400  0.92408960
46.400000  0.94820000  0.92408000
46.432000  0.94821600  0.92407040
46.464000  0.94823200  0.92406080
46.496000  0.94824800  0.92405120
46.528000  0.94826400  0.92404160
46.560000  0.94828000  0.92403200
46.592000  0.94829600  0.92402240
46.624000  0.94831200  0.92401280
46.656000  0.94832800  0.92400320
46.688000  0.94834400  0.92399360
46.720000  0.94836000  0.92398400
46.752000  0.94837600  0.92397440
46.784000  0.94839200  0.92396480
46.816000  0.94840800  0.92395520
46.848000  0.94842400  0.92394560
46.880000  0.94844000  0.92393600
46.912000  0.94845600  0.92392640
46.944000  0.94847200  0.92391680
46.976000  0.94848800  0.92390720
47.008000  0.94850400  0.92389760
47.040000  0.94852000  0.92388800
47.072000  0.94853600  0.92387840
47.104000  0.94855200  0.92386880
47.136000  0.94856800  0.92385920
47.168000  0.94858400  0.92384960
47.200000  0.94860000  0.92384000
47.232000  0.94861600  0.92383040
47.264000  0.94863200  0.92382080
47.296000  0.94864800  0.92381120
47.328000  0.94866400  0.92380160
47.360000  0.94868000  0.92379200
47.392000  0.94869600  0.92378240
47.424000  0.94871200  0.92377280
47.456000  0.94872800  0.92376320
47.488000  0.94874400  0.92375360
47.520000  0.94876000  0.92374400
47.552000  0.94877600  0.92373440
47.584000  0.94879200  0.92372480
47.616000  0.94880800  0.92371520
47.648000  0.94882400  0.92370560
47.680000  0.94884000  0.92369600
47.712000  0.94885600  0.92368640
47.744000  0.94887200  0.92367680
47.776000  0.94888800  0.92366720
47.808000  0.94890400  0.92365760
47.840000  0.94892000  0.92364800
47.872000  0.94893600  0.92363840
47.904000  0.94895200  0.92362880
47.936000  0.94896800  0.92361920
47.968000  0.94898400  0.92360960
48.000000  0.94900000  0.92360000
48.032000  0.94901600  0.92359040
48.064000  0.94903200  0.92358080
48.096000  0.94904800  0.92357120
48.128000  0.94906400  0.92356160
48.160000  0.94908000  0.92355200
48.192000  0.94909600  0.92354240
48.224000  0.94911200  0.92353280
48.256000  0.94912800  0.92352320
48.288000  0.94914400  0.92351360
48.320000  0.94916000  0.92350400
48.352000  0.94917600  0.92349440
48.384000  0.94919200  0.92348480
48.416000  0.94920800  0.92347520
48.448000  0.94922400  0.92346560
48.480000  0.94924000  0.92345600
48.512000  0.94925600  0.92344640
48.544000  0.94927200  0.92343680
48.576000  0.94928800  0.92342720
48.608000  0.94930400  0.92341760
48.640000  0.94932000  0.92340800
48.672000  0.94933600  0.92339840
48.704000  0.94935200  0.92338880
48.736000  0.94936800  0.92337920
48.768000  0.94938400  0.92336960
48.800000  0.94940000  0.92336000
48.832000  0.94941600  0.92335040
48.864000  0.94943200  0.92334080
48.896000  0.94944800  0.92333120
48.928000  0.94946400  0.92332160
48.960000  0.94948000  0.92331200
48.992000  0.94949600  0.92330240
49.024000  0.94951200  0.92329280
49.056000  0.94952800  0.92328320
49.088000  0.94954400  0.92327360
49.120000  0.94956000  0.92326400
49.152000  0.94957600  0.92325440
49.184000  0.94959200  0.92324480
49.216000  0.94960800  0.92323520
49.248000  0.94962400  0.92322560
49.280000  0.94964000  0.92321600
49.312000  0.94965600  0.92320640
49.344000  0.94967200  0.92319680
49.376000  0.94968800  0.92318720
49.408000  0.94970400  0.92317760
49.440000  0.94972000  0.92316800
49.472000  0.94973600  0.92315840
49.504000  0.94975200  0.92314880
49.536000  0.94976800  0.92313920
49.568000  0.94978400  0.92312960
49.600000  0.94980000  0.92312000
49.632000  0.94981600  0.92311040
49.664000  0.94983200  0.92310080
49.696000  0.94984800  0.92309120
49.728000  0.94986400  0.92308160
49.760000  0.94988000  0.92307200
49.792000  0.94989600  0.92306240
49.824000  0.94991200  0.92305280
49.856000  0.94992800  0.92304320
49.888000  0.94994400  0.92303360
49.920000  0.94996000  0.92302400
49.952000  0.94997600  0.92301440
49.984000  0.94999200  0.92300480
50.016000  0.95000800  0.92299520
50.048000  0.95002400  0.92298560
50.080000  0.95004000  0.92297600
50.112000  0.95005600  0.92296640
50.144000  0.95007200  0.92295680
50.176000  0.95008800  0.92294720
50.208000  0.95010400  0.92293760
50.240000  0.95012000  0.92292800
50.272000  0.95013600  0.92291840
50.304000  0.95015200  0.92290880
50.336000  0.95016800  0.92289920
50.368000  0.95018400  0.92288960
50.400000  0.95020000  0.92288000
50.432000  0.95021600  0.92287040
50.464000  0.95023200  0.92286080
50.496000  0.95024800  0.92285120
50.528000  0.95026400  0.92284160
50.560000  0.95028000  0.92283200
50.592000  0.95029600  0.92282240
50.624000  0.95031200  0.92281280
50.656000  0.95032800  0.92280320
50.688000  0.95034400  0.92279360
50.720000  0.95036000  0.92278400
50.752000  0.95037600  0.92277440
50.784000  0.95039200  0.92276480
50.816000  0.95040800  0.92275520
50.848000  0.95042400  0.92274560
50.880000  0.95044000  0.92273600
50.912000  0.95045600  0.92272640
50.944000  0.95047200  0.92271680
50.976000  0.95048800  0.92270720
51.008000  0.95050400  0.92269760
51.040000  0.95052000  0.92268800
51.072000  0.95053600  0.92267840
51.104000  0.95055200  0.92266880
51.136000  0.95056800  0.92265920
51.168000  0.95058400  0.92264960
51.200000  0.95060000  0.92264000
51.232000  0.95061600  0.92263040
51.264000  0.95063200  0.92262080
51.296000  0.95064800  0.92261120
51.328000  0.95066400  0.92260160
51.360000  0.95068000  0.92259200
51.392000  0.95069600  0.92258240
51.424000  0.95071200  0.92257280
51.456000  0.95072800  0.92256320
51.488000  0.95074400  0.92255360
51.520000  0.95076000  0.92254400
51.552000  0.95077600  0.92253440
51.584000  0.95079200  0.92252480
51.616000  0.95080800  0.92251520
51.648000  0.95082400  0.92250560
51.680000  0.95084000  0.92249600
51.712000  0.95085600  0.92248640
51.744000  0.95087200  0.92247680
51.776000  0.95088800  0.92246720
51.808000  0.95090400  0.92245760
51.840000  0.95092000  0.92244800
51.872000  0.95093600  0.92243840
51.904000  0.95095200  0.92242880
51.936000  0.95096800  0.92241920
51.968000  0.95098400  0.92240960
52.000000  0.95100000  0.92240000
52.032000  0.95101600  0.92239040
52.064000  0.95103200  0.92238080
52.096000  0.95104800  0.92237120
52.128000  0.95106400  0.92236160
52.160000  0.95108000  0.92235200
52.192000  0.95109600  0.92234240
52.224000  0.95111200  0.92233280
52.256000  0.95112800  0.92232320
52.288000  0.95114400  0.92231360
52.320000  0.95116000  0.92230400
52.352000  0.95117600  0.92229440
52.384000  0.95119200  0.92228480
52.416000  0.95120800  0.92227520
52.448000  0.95122400  0.92226560
52.480000  0.95124000  0.92225600
52.512000  0.95125600  0.92224640
52.544000  0.95127200  0.92223680
52.576000  0.95128800  0.92222720
52.608000  0.95130400  0.92221760
52.640000  0.95132000  0.92220800
52.672000  0.95133600  0.92219840
52.704000  0.95135200  0.92218880
52.736000  0.95136800  0.92217920
52.768000  0.95138400  0.92216960
52.800000  0.95140000  0.92216000
52.832000  0.95141600  0.92215040
52.864000  0.95143200  0.92214080
52.896000  0.95144800  0.92213120
52.928000  0.95146400  0.92212160
52.960000  0.95148000  0.92211200
52.992000  0.95149600  0.92210240
53.024000  0.95151200  0.92209280
53.056000  0.95152800  0.92208320
53.088000  0.95154400  0.92207360
53.120000  0.95156000  0.92206400
53.152000  0.95157600  0.92205440
53.184000  0.95159200  0.92204480
53.216000  0.95160800  0.92203520
53.248000  0.95162400  0.92202560
53.280000  0.95164000  0.92201600
53.312000  0.95165600  0.92200640
53.344000  0.95167200  0.92199680
53.376000  0.95168800  0.92198720
53.408000  0.95170400  0.92197760
53.440000  0.95172000  0.92196800
53.472000  0.95173600  0.92195840
53.504000  0.95175200  0.92194880
53.536000  0.95176800  0.92193920
53.568000  0.95178400  0.92192960
53.600000  0.95180000  0.92192000
53.632000  0.95181600  0.92191040
53.664000  0.95183200  0.92190080
53.696000  0.95184800  0.92189120
53.728000  0.95186400  0.92188160
53.760000  0.95188000  0.92187200
53.792000  0.95189600  0.92186240
53.824000  0.95191200  0.92185280
53.856000  0.95192800  0.92184320
53.888000  0.95194400  0.92183360
53.920000  0.95196000  0.92182400
53.952000  0.95197600  0.92181440
53.984000  0.95199200  0.92180480
54.016000  0.95200800  0.92179520
54.048000  0.95202400  0.92178560
54.080000  0.95204000  0.92177600
54.112000  0.95205600  0.92176640
54.144000  0.95207200  0.92175680
54.176000  0.95208800  0.92174720
54.208000  0.95210400  0.92173760
54.240000  0.95212000  0.92172800
54.272000  0.95213600  0.92171840
54.304000  0.95215200  0.92170880
54.336000  0.95216800  0.92169920
54.368000  0.95218400  0.92168960
54.400000  0.95220000  0.92168000
54.432000  0.95221600  0.92167040
54.464000  0.95223200  0.92166080
54.496000  0.95224800  0.92165120
54.528000  0.95226400  0.92164160
54.560000  0.95228000  0.92163200
54.592000  0.95229600  0.92162240
54.624000  0.95231200  0.92161280
54.656000  0.95232800  0.92160320
54.688000  0.95234400  0.92159360
54.720000  0.95236000  0.92158400
54.752000  0.95237600  0.92157440
54.784000  0.95239200  0.92156480
54.816000  0.95240800  0.92155520
54.848000  0.95242400  0.92154560
54.880000  0.95244000  0.92153600
54.912000  0.95245600  0.92152640
54.944000  0.95247200  0.92151680
54.976000  0.95248800  0.92150720
55.008000  0.95250400  0.92149760
55.040000  0.95252000  0.92148800
55.072000  0.95253600  0.92147840
55.104000  0.95255200  0.92146880
55.136000  0.95256800  0.92145920
55.168000  0.95258400  0.92144960
55.200000  0.95260000  0.92144000
55.232000  0.95261600  0.92143040
55.264000  0.95263200  0.92142080
55.296000  0.95264800  0.92141120
55.328000  0.95266400  0.92140160
55.360000  0.95268000  0.92139200
55.392000  0.95269600  0.92138240
55.424000  0.95271200  0.92137280
55.456000  0.95272800  0.92136320
55.488000  0.95274400  0.92135360
55.520000  0.95276000  0.92134400
55.552000  0.95277600  0.92133440
55.584000  0.95279200  0.92132480
55.616000  0.95280800  0.92131520
55.648000  0.95282400  0.92130560
55.680000  0.95284000  0.92129600
55.712000  0.95285600  0.92128640
55.744000  0.95287200  0.92127680
55.776000  0.95288800  0.92126720
55.808000  0.95290400  0.92125760
55.840000  0.95292000  0.92124800
55.872000  0.95293600  0.92123840
55.904000  0.95295200  0.92122880
55.936000  0.95296800  0.92121920
55.968000  0.95298400  0.92120960
56.000000  0.95300000  0.92120000
56.032000  0.95301600  0.92119040
56.064000  0.95303200  0.92118080
56.096000  0.95304800  0.92117120
56.128000  0.95306400  0.92116160
56.160000  0.95308000  0.92115200
56.192000  0.95309600  0.92114240
56.224000  0.95311200  0.92113280
56.256000  0.95312800  0.92112320
56.288000  0.95314400  0.92111360
56.320000  0.95316000  0.92110400
56.352000  0.95317600  0.92109440
56.384000  0.95319200  0.92108480
56.416000  0.95320800  0.92107520
56.448000  0.95322400  0.92106560
56.480000  0.95324000  0.92105600
56.512000  0.95325600  0.92104640
56.544000  0.95327200  0.92103680
56.576000  0.95328800  0.92102720
56.608000  0.95330400  0.92101760
56.640000  0.95332000  0.92100800
56.672000  0.95333600  0.92099840
56.704000  0.95335200  0.92098880
56.736000  0.95336800  0.92097920
56.768000  0.95338400  0.92096960
56.800000  0.95340000  0.92096000
56.832000  0.95341600  0.92095040
56.864000  0.95343200  0.92094080
56.896000  0.95344800  0.92093120
56.928000  0.95346400  0.92092160
56.960000  0.95348000  0.92091200
56.992000  0.95349600  0.92090240
57.024000  0.95351200  0.92089280
57.056000  0.95352800  0.92088320
57.088000  0.95354400  0.92087360
57.120000  0.95356000  0.92086400
57.152000  0.95357600  0.92085440
57.184000  0.95359200  0.92084480
57.216000  0.95360800  0.92083520
57.248000  0.95362400  0.92082560
57.280000  0.95364000  0.92081600
57.312000  0.95365600  0.92080640
57.344000  0.95367200  0.92079680
57.376000  0.95368800  0.92078720
57.408000  0.95370400  0.92077760
57.440000  0.95372000  0.92076800
57.472000  0.95373600  0.92075840
57.504000  0.95375200  0.92074880
57.536000  0.95376800  0.92073920
57.568000  0.95378400  0.92072960
57.600000  0.95380000  0.92072000
57.632000  0.95381600  0.92071040
57.664000  0.95383200  0.92070080
57.696000  0.95384800  0.92069120
57.728000  0.95386400  0.92068160
57.760000  0.95388000  0.92067200
57.792000  0.95389600  0.92066240
57.824000  0.95391200  0.92065280
57.856000  0.95392800  0.92064320
57.888000  0.95394400  0.92063360
57.920000  0.95396000  0.92062400
57.952000  0.95397600  0.92061440
57.984000  0.95399200  0.92060480
58.016000  0.95400800  0.92059520
58.048000  0.95402400  0.92058560
58.080000  0.95404000  0.92057600
58.112000  0.95405600  0.92056640
58.144000  0.95407200  0.92055680
58.176000  0.95408800  0.92054720
58.208000  0.95410400  0.92053760
58.240000  0.95412000  0.92052800
58.272000  0.95413600  0.92051840
58.304000  0.95415200  0.92050880
58.336000  0.95416800  0.92049920
58.368000  0.95418400  0.92048960
58.400000  0.95420000  0.92048000
58.432000  0.95421600  0.92047040
58.464000  0.95423200  0.92046080
58.496000  0.95424800  0.92045120
58.528000  0.95426400  0.92044160
58.560000  0.95428000  0.92043200
58.592000  0.95429600  0.92042240
58.624000  0.95431200  0.92041280
58.656000  0.95432800  0.92040320
58.688000  0.95434400  0.92039360
58.720000  0.95436000  0.92038400
58.752000  0.95437600  0.92037440
58.784000  0.95439200  0.92036480
58.816000  0.95440800  0.92035520
58.848000  0.95442400  0.92034560
58.880000  0.95444000  0.92033600
58.912000  0.95445600  0.92032640
58.944000  0.95447200  0.92031680
58.976000  0.95448800  0.92030720
59.008000  0.95450400  0.92029760
59.040000  0.95452000  0.92028800
59.072000  0.95453600  0.92027840
59.104000  0.95455200  0.92026880
59.136000  0.95456800  0.92025920
59.168000  0.95458400  0.92024960
59.200000  0.95460000  0.92024000
59.232000  0.95461600  0.92023040
59.264000  0.95463200  0.92022080
59.296000  0.95464800  0.92021120
59.328000  0.95466400  0.92020160
59.360000  0.95468000  0.92019200
59.392000  0.95469600  0.92018240
59.424000  0.95471200  0.92017280
59.456000  0.95472800  0.92016320
59.488000  0.95474400  0.92015360
59.520000  0.95476000  0.92014400
59.552000  0.95477600  0.92013440
59.584000  0.95479200  0.92012480
59.616000  0.95480800  0.92011520
59.648000  0.95482400  0.92010560
59.680000  0.95484000  0.92009600
59.712000  0.95485600  0.92008640
59.744000  0.95487200  0.92007680
59.776000  0.95488800  0.92006720
59.808000  0.95490400  0.92005760
59.840000  0.95492000  0.92004800
59.872000  0.95493600  0.92003840
59.904000  0.95495200  0.92002880
59.936000  0.95496800  0.92001920
59.968000  0.95498400  0.92000960
60.000000  0.95500000  0.92000000
60.032000  0.95501600  0.91999040
60.064000  0.95503200  0.91998080
60.096000  0.95504800  0.91997120
60.128000  0.95506400  0.91996160
60.160000  0.95508000  0.91995200
60.192000  0.95509600  0.91994240
60.224000  0.95511200  0.91993280
60.256000  0.95512800  0.91992320
60.288000  0.95514400  0.91991360
60.320000  0.95516000  0.91990400
60.352000  0.95517600  0.91989440
60.384000  0.95519200  0.91988480
60.416000  0.95520800  0.91987520
60.448000  0.95522400  0.91986560
60.480000  0.95524000  0.91985600
60.512000  0.95525600  0.91984640
60.544000  0.95527200  0.91983680
60.576000  0.95528800  0.91982720
60.608000  0.95530400  0.91981760
60.640000  0.95532000  0.91980800
60.672000  0.95533600  0.91979840
60.704000  0.95535200  0.91978880
60.736000  0.95536800  0.91977920
60.768000  0.95538400  0.91976960
60.800000  0.95540000  0.91976000
60.832000  0.95541600  0.91975040
60.864000  0.95543200  0.91974080
60.896000  0.95544800  0.91973120
60.928000  0.95546400  0.91972160
60.960000  0.95548000  0.91971200
60.992000  0.95549600  0.91970240
61.024000  0.95551200  0.91969280
61.056000  0.95552800  0.91968320
61.088000  0.95554400  0.91967360
61.120000  0.95556000  0.91966400
61.152000  0.95557600  0.91965440
61.184000  0.95559200  0.91964480
61.216000  0.95560800  0.91963520
61.248000  0.95562400  0.91962560
61.280000  0.95564000  0.91961600
61.312000  0.95565600  0.91960640
61.344000  0.95567200  0.91959680
61.376000  0.95568800  0.91958720
61.408000  0.95570400  0.91957760
61.440000  0.95572000  0.91956800
61.472000  0.95573600  0.91955840
61.504000  0.95575200  0.91954880
61.536000  0.95576800  0.91953920
61.568000  0.95578400  0.91952960
61.600000  0.95580000  0.91952000
61.632000  0.95581600  0.91951040
61.664000  0.95583200  0.91950080
61.696000  0.95584800  0.91949120
61.728000  0.95586400  0.91948160
61.760000  0.95588000  0.91947200
61.792000  0.95589600  0.91946240
61.824000  0.95591200  0.91945280
61.856000  0.95592800  0.91944320
61.888000  0.95594400  0.91943360
61.920000  0.95596000  0.91942400
61.952000  0.95597600  0.91941440
61.984000  0.95599200  0.91940480
